avg_kinetic_energy		work_fgranular		work_fdesired		work_fsocial		work_fcompresion
0.58		-4797.60		18250.43		-10642.09		-5223.62
0.86		-6751.14		24048.87		-10485.49		-6034.84
0.58		-3608.89		16252.50		-8869.89		-7026.00
0.67		-5531.04		17582.96		-7046.87		3014.61
0.74		-10468.04		22262.96		-11686.91		1112.92
0.54		-4826.00		17513.09		-7350.42		-1329.60
0.74		-7181.15		20326.89		-10401.41		-1019.10
0.38		-2206.48		11886.79		-6473.06		-1989.56
0.78		-7917.14		21347.80		-8277.48		-3810.00
0.70		-5822.90		15684.76		-10492.15		-2488.35
0.93		-7749.44		25806.50		-11945.10		-5498.17
0.49		-4239.69		17281.53		-7519.20		-5500.91
0.66		-5493.44		21230.55		-9760.23		-3940.84
0.70		-6599.08		18267.26		-8214.52		-1211.05
1.18		-8165.11		29966.85		-11912.41		-1490.27
0.57		-4107.22		16951.11		-8285.18		-5914.04
0.45		-2656.83		13628.58		-5947.16		1167.68
1.23		-8775.05		28201.49		-10329.31		-604.49
1.33		-7912.37		32184.89		-14386.19		-1309.65
0.91		-8974.55		21654.31		-7890.93		-2118.33
1.10		-5254.11		22157.48		-7916.83		8637.81
0.58		-4623.05		14147.23		-5075.56		-366.96
1.14		-7931.65		27705.84		-13995.36		59.19
0.95		-5964.40		22223.91		-8950.12		2153.64
0.99		-9940.43		29556.96		-14938.29		-13450.66
0.57		-3291.88		20070.24		-11473.20		-5997.60
1.04		-12236.58		25232.68		-13209.09		-6297.78
0.37		-1950.51		9398.18		-2661.17		483.15
0.52		-4493.34		15951.08		-9054.14		-3825.20
0.88		-6664.05		22982.56		-8935.52		-1369.85
0.87		-6651.41		21198.76		-7462.01		519.95
0.86		-10756.00		23485.95		-10445.27		-1070.22
0.65		-4819.70		20341.74		-13619.02		-6400.64
1.12		-9008.67		24500.20		-11318.76		-3224.03
1.05		-5409.26		26674.65		-11868.90		-1621.31
1.20		-9595.39		28128.75		-15798.73		-13916.66
0.54		-4114.70		14519.51		-7853.70		-3513.24
0.81		-3680.96		18615.08		-8846.57		-3698.04
1.05		-7505.81		21270.71		-10274.25		-5941.56
0.78		-6682.12		23019.86		-10184.11		-14081.05
0.85		-4745.17		24319.32		-13348.88		-3117.78
0.44		-3203.48		12910.68		-5763.08		-5139.17
0.66		-5993.00		18384.50		-7843.42		7542.84
0.94		-6824.89		22087.26		-13846.34		-10431.05
0.98		-9229.14		26854.15		-12012.95		300.17
1.17		-11325.25		30882.74		-14536.70		-13976.62
0.75		-5618.57		19560.26		-9922.77		-856.08
0.29		-2907.08		9468.68		-4663.03		-1936.55
0.35		-2590.05		8629.95		-4591.93		-1605.62
1.23		-12108.77		27427.48		-12779.65		-11210.91
0.68		-6479.04		19465.40		-9071.28		-1980.48
1.13		-8393.31		24264.59		-15642.46		-6056.72
0.94		-6991.58		27868.78		-13919.11		-8926.38
0.67		-3636.87		17115.90		-10746.23		-6915.41
0.57		-4639.94		18400.64		-9425.57		-1968.43
0.54		-3074.26		16116.58		-8173.25		-3642.43
0.93		-4329.11		18701.70		-4151.56		548.32
0.68		-5166.66		19082.86		-11206.24		-2164.80
0.37		-3094.96		13142.78		-6220.77		-3756.91
0.90		-8967.78		27138.75		-12755.91		-6742.67
0.82		-7743.56		19476.90		-8126.98		-1984.04
1.17		-9162.04		24831.46		-9472.10		-4658.96
1.10		-13868.51		28194.14		-14816.01		-6325.00
1.08		-9330.89		28127.98		-15106.50		-4832.78
1.00		-6036.94		21054.81		-9660.30		-3561.87
0.81		-4235.22		25090.45		-9647.95		-4650.91
0.64		-3424.57		13910.15		-5321.21		-74.20
0.77		-12372.45		22517.49		-11706.12		1730.37
1.05		-5749.65		27672.65		-14566.48		-13106.36
1.37		-13559.23		29448.26		-15239.13		-2918.85
0.79		-5315.16		21290.69		-12843.04		-4558.80
0.80		-10539.96		21793.50		-8989.18		341.99
0.85		-6386.31		22214.80		-12241.42		414.42
0.49		-3448.73		13737.69		-7379.03		-7649.68
0.91		-4878.90		24074.96		-11725.81		-9975.89
1.02		-9777.10		27518.89		-12926.67		-2039.77
1.06		-7308.87		28260.10		-19248.16		-13134.29
0.79		-7008.45		21297.76		-12714.19		-1779.42
0.86		-9666.76		23924.37		-11486.66		-2246.00
1.09		-7252.36		26217.56		-11612.44		-1844.03
0.92		-5037.55		22970.74		-10728.56		-8698.41
0.48		-3424.60		13412.05		-6936.33		-3553.96
1.12		-14752.59		29724.49		-11212.55		-4538.78
0.73		-8382.91		18917.53		-6125.00		-673.15
0.87		-11149.87		25225.40		-11532.88		-9103.22
0.67		-6351.63		20166.76		-9211.67		-1498.44
0.28		-3529.14		10985.34		-4434.72		-1894.24
0.75		-8154.69		22449.46		-10424.37		-2485.63
0.80		-8690.51		21772.63		-9567.41		-2887.77
0.96		-7508.33		23855.46		-14372.32		-6927.46
0.75		-6487.50		23419.88		-10116.50		-8005.32
0.69		-4641.89		18618.89		-8877.52		-2137.91
1.15		-9457.84		24658.47		-10331.17		-6608.41
1.24		-8857.07		32969.12		-15293.47		-7622.25
0.34		-2495.26		12935.88		-9402.05		-2346.68
0.67		-5479.84		17513.92		-7144.16		-1662.32
0.51		-2488.86		16555.42		-8351.25		-248.49
1.00		-4874.09		25639.87		-11160.27		-4101.82
1.19		-7687.38		24056.66		-12569.07		-8030.73
0.60		-5439.20		20478.53		-11698.36		-4601.68
1.33		-13312.84		31313.82		-17603.09		-9184.85
0.67		-5631.43		16952.29		-9721.99		-5451.18
0.58		-4457.80		15056.65		-4613.06		-1003.56
0.92		-7442.69		26702.80		-14951.43		-12878.46
1.05		-11199.69		29051.62		-18208.10		-8336.18
1.40		-7706.99		34258.86		-10529.28		-994.28
0.62		-3002.94		15588.73		-6640.44		-1967.95
0.63		-4833.90		16622.25		-8557.75		-5426.61
0.54		-2401.70		15064.16		-12797.85		-9841.57
1.09		-9998.49		26021.12		-13088.38		-2364.70
1.03		-6266.39		27901.53		-17110.32		-6074.81
0.60		-4228.00		18457.09		-8294.84		-5098.33
0.92		-8200.81		25010.08		-11292.32		-5063.72
0.68		-6465.66		21657.33		-8127.36		-6514.32
0.71		-4290.07		21492.61		-11881.32		-6665.18
0.82		-6029.14		20022.59		-10177.59		-2117.59
0.77		-5212.28		18071.21		-8269.57		-7866.77
0.98		-7358.68		25915.75		-13173.08		-16470.48
1.05		-7929.60		26081.65		-9926.79		-5483.39
0.78		-6484.13		17202.07		-9380.93		-7428.69
0.81		-4073.12		21175.04		-11020.82		-9871.27
0.78		-8898.85		23434.70		-9836.96		-2184.73
0.83		-7208.29		22665.71		-12228.23		-5736.36
1.02		-9171.50		27251.05		-9537.88		-2744.40
0.71		-4416.28		18331.82		-5775.38		-978.86
0.69		-5871.78		20703.88		-6924.57		-5001.68
1.43		-9047.44		31843.20		-18683.46		-8230.31
0.67		-4691.47		17057.06		-8799.58		-4791.64
0.17		-2650.10		8167.01		-4969.85		421.78
0.52		-5798.46		18103.76		-9556.19		-4816.75
0.73		-6538.24		18402.99		-8036.87		-5095.04
0.59		-4577.20		18692.22		-11789.03		-3888.81
0.63		-4499.26		17097.06		-10687.46		-7641.06
0.76		-5767.69		22974.76		-10563.40		-5333.55
0.91		-6102.84		23274.31		-12717.67		-4193.37
0.66		-10482.65		19751.72		-11777.26		-2975.56
0.82		-6333.51		23923.02		-9185.48		-563.67
0.94		-6223.69		21573.85		-10919.60		-701.82
0.77		-6393.51		18562.40		-8700.63		-2844.72
1.20		-9936.75		27058.16		-13827.28		-8973.16
0.40		-3307.90		14934.93		-7020.19		1682.03
0.49		-1971.51		13113.62		-6304.46		-4987.35
1.18		-9931.29		25954.48		-11199.87		4905.81
0.72		-6822.86		19932.48		-11694.71		-9267.30
1.56		-10469.19		28215.06		-19706.63		-8763.79
1.21		-8769.41		27603.15		-12744.82		-3264.31
0.83		-6542.22		22052.81		-10765.53		-7119.76
0.71		-4463.00		21737.98		-13560.42		-3688.58
0.43		-4680.92		12916.33		-6323.38		-3985.62
1.46		-11263.27		31895.15		-15254.54		-13619.09
1.22		-10629.68		26844.62		-9714.00		2044.68
0.60		-4787.24		17566.77		-9846.89		-6290.49
0.92		-6608.23		22702.82		-11119.78		-7520.21
0.82		-7121.10		24354.13		-14420.16		-6010.80
0.90		-6815.65		21054.50		-12578.66		-8870.78
1.04		-7954.96		25137.22		-8076.05		-7334.69
0.65		-9326.22		18863.17		-5423.60		1037.27
0.80		-6607.84		19411.45		-9134.56		-1227.28
1.20		-9071.55		29802.80		-19403.86		-11978.46
0.92		-8266.80		26465.25		-14123.91		-9522.33
0.71		-7034.78		17396.44		-7208.79		-696.76
1.16		-6506.84		26733.58		-14271.86		-14229.58
0.89		-6792.37		19158.59		-6014.40		-1546.72
0.66		-3465.24		17805.02		-7813.00		-3830.43
1.08		-7500.18		28271.98		-16216.38		-7505.97
0.39		-4590.15		12304.52		-6707.98		-465.64
0.69		-5543.90		18618.29		-9837.15		-8428.15
0.44		-5132.75		9762.76		-6949.32		-3560.33
0.56		-5977.94		16492.04		-6737.73		-4557.10
0.80		-5554.53		17852.79		-7009.12		4001.29
0.93		-5892.99		21073.33		-12821.09		-10664.77
0.63		-3439.02		16048.08		-8456.51		-2909.65
0.59		-4997.24		17934.53		-8371.20		-4625.02
0.74		-8043.91		18537.13		-9017.28		-3210.46
1.19		-10300.21		21477.98		-12993.78		-3176.78
0.65		-2899.96		19275.79		-10548.53		-5660.48
1.05		-9084.70		26315.22		-14181.81		-5322.81
0.66		-6044.79		18580.12		-9573.41		332.06
0.48		-3831.03		17102.38		-7795.00		-5811.49
1.17		-7342.02		31063.01		-14016.88		-7265.86
0.95		-7912.43		26944.95		-13730.90		-5982.35
0.35		-3250.43		11749.02		-4865.56		-2337.11
1.16		-8586.38		30149.79		-14398.67		-8093.20
0.70		-4303.04		22313.78		-11299.50		-4862.19
0.93		-7839.19		24984.62		-10184.88		-4842.23
0.99		-8600.76		25035.50		-12012.72		-5039.26
0.45		-3068.27		12209.70		-4713.07		-1737.47
0.74		-5510.81		19133.74		-7894.95		-14.95
0.41		-3674.03		13003.69		-6227.95		1157.77
0.90		-8478.34		26218.97		-10393.40		-7432.00
1.07		-7475.54		24480.68		-10494.55		1594.56
0.80		-6102.42		23233.54		-11769.31		-6009.23
0.77		-4790.97		20948.68		-8503.69		-8085.02
1.22		-9414.57		29626.87		-18155.89		-12977.94
0.40		-3105.12		13349.25		-5562.46		-3343.99
1.40		-11957.55		28809.76		-13133.41		145.60
0.62		-4558.80		17882.62		-7412.75		-54.38
0.78		-5733.89		17306.07		-10444.79		-4952.34
0.81		-9079.21		22763.37		-11448.63		-1502.85
0.52		-3792.57		13544.12		-10073.12		-5586.32
1.35		-7378.06		28358.14		-13756.47		4223.63
0.68		-5483.59		14944.46		-7502.25		-4577.96
1.16		-17815.20		29577.78		-13000.89		386.97
0.82		-11057.50		19868.14		-5717.50		-10425.97
0.99		-6549.63		23332.43		-13041.63		-4319.64
0.79		-5523.32		19618.66		-11309.07		-6187.02
0.91		-13729.15		25570.35		-11270.69		-5840.08
0.71		-7754.19		15471.95		-7192.73		2707.96
1.16		-10671.26		25644.36		-11137.70		-2227.60
0.45		-4474.18		12556.69		-4867.95		-867.89
0.53		-4766.87		17246.77		-5682.36		-448.68
1.10		-4087.55		26898.56		-10446.45		-8858.95
0.91		-7102.74		22508.93		-10567.13		-1402.49
0.82		-6529.24		23502.19		-7027.11		1356.20
0.74		-7602.63		19086.20		-10993.04		-3134.36
0.62		-4016.87		15997.64		-7443.32		1161.17
0.91		-8174.20		25228.57		-11556.38		-8963.52
0.35		-3052.51		10938.02		-5538.67		-1724.73
0.62		-8873.91		12662.21		-3882.05		823.15
0.57		-4599.58		17117.77		-11199.26		-4517.30
0.68		-3911.89		20912.84		-8342.10		-4309.47
1.07		-7417.39		26595.41		-14026.20		-3458.90
0.69		-4443.39		19845.53		-10076.78		-6327.72
0.71		-3529.91		21369.43		-12269.23		-882.11
1.01		-6131.81		24694.98		-15788.40		-15014.24
0.00		0.00		0.00		0.00		0.00
0.00		0.00		0.00		0.00		0.00
0.00		0.00		0.00		0.00		0.00
0.00		0.00		0.00		0.00		0.00
0.00		0.00		0.00		0.00		0.00
0.00		0.00		0.00		0.00		0.00
0.00		0.00		0.00		0.00		0.00
0.00		0.00		0.00		0.00		0.00
0.00		0.00		0.00		0.00		0.00
0.00		0.00		0.00		0.00		0.00
0.00		0.00		0.00		0.00		0.00
0.00		0.00		0.00		0.00		0.00
0.00		0.00		0.00		0.00		0.00
0.00		0.00		0.00		0.00		0.00
0.00		0.00		0.00		0.00		0.00
0.00		0.00		0.00		0.00		0.00
0.00		0.00		0.00		0.00		0.00
0.00		0.00		0.00		0.00		0.00
0.00		0.00		0.00		0.00		0.00
0.00		0.00		0.00		0.00		0.00
0.00		0.00		0.00		0.00		0.00
0.00		0.00		0.00		0.00		0.00
0.00		0.00		0.00		0.00		0.00
0.00		0.00		0.00		0.00		0.00
0.00		0.00		0.00		0.00		0.00
0.00		0.00		0.00		0.00		0.00
0.00		0.00		0.00		0.00		0.00
0.00		0.00		0.00		0.00		0.00
0.00		0.00		0.00		0.00		0.00
0.00		0.00		0.00		0.00		0.00
0.00		0.00		0.00		0.00		0.00
0.00		0.00		0.00		0.00		0.00
0.00		0.00		0.00		0.00		0.00
0.00		0.00		0.00		0.00		0.00
0.00		0.00		0.00		0.00		0.00
0.00		0.00		0.00		0.00		0.00
0.00		0.00		0.00		0.00		0.00
0.00		0.00		0.00		0.00		0.00
0.00		0.00		0.00		0.00		0.00
0.00		0.00		0.00		0.00		0.00
0.00		0.00		0.00		0.00		0.00
0.00		0.00		0.00		0.00		0.00
0.00		0.00		0.00		0.00		0.00
0.00		0.00		0.00		0.00		0.00
0.00		0.00		0.00		0.00		0.00
0.00		0.00		0.00		0.00		0.00
0.00		0.00		0.00		0.00		0.00
0.00		0.00		0.00		0.00		0.00
0.00		0.00		0.00		0.00		0.00
0.00		0.00		0.00		0.00		0.00
0.00		0.00		0.00		0.00		0.00
0.00		0.00		0.00		0.00		0.00
0.00		0.00		0.00		0.00		0.00
0.00		0.00		0.00		0.00		0.00
0.00		0.00		0.00		0.00		0.00
0.00		0.00		0.00		0.00		0.00
0.00		0.00		0.00		0.00		0.00
0.00		0.00		0.00		0.00		0.00
0.00		0.00		0.00		0.00		0.00
0.00		0.00		0.00		0.00		0.00
0.00		0.00		0.00		0.00		0.00
0.00		0.00		0.00		0.00		0.00
0.00		0.00		0.00		0.00		0.00
0.00		0.00		0.00		0.00		0.00
0.00		0.00		0.00		0.00		0.00
0.00		0.00		0.00		0.00		0.00
0.00		0.00		0.00		0.00		0.00
0.00		0.00		0.00		0.00		0.00
0.00		0.00		0.00		0.00		0.00
0.00		0.00		0.00		0.00		0.00
0.00		0.00		0.00		0.00		0.00
0.00		0.00		0.00		0.00		0.00
0.00		0.00		0.00		0.00		0.00
0.00		0.00		0.00		0.00		0.00
0.00		0.00		0.00		0.00		0.00
