avg_kinetic_energy		work_fgranular		work_fdesired		work_fsocial		work_fcompresion
0.67		0.00		3223.22		-3794.67		0.00
0.87		0.00		4064.78		-3535.12		0.00
0.82		0.00		3836.73		-3463.61		0.00
1.02		0.00		4575.28		-3767.81		0.00
0.68		0.00		3041.44		-2834.29		0.00
0.87		0.00		3483.15		-3344.18		0.00
0.79		0.00		3365.71		-2932.90		0.00
0.85		0.00		4020.21		-3812.83		0.00
0.80		0.00		3491.71		-3245.03		0.00
0.64		0.00		1965.72		-3097.26		0.00
0.71		0.00		3058.24		-2568.48		0.00
0.80		0.00		3595.50		-3491.50		0.00
0.52		0.00		1852.70		-1946.40		0.00
0.66		0.00		2594.15		-1639.66		0.00
1.02		7.51		4209.62		-3010.57		507.79
0.78		0.00		3591.37		-3407.12		0.00
0.73		-11.34		2886.75		-2708.93		720.98
0.57		0.00		2377.96		-2219.96		0.00
1.02		0.00		4898.46		-4856.26		0.00
0.77		0.00		3118.22		-4259.89		0.00
0.91		0.00		3907.46		-3574.46		0.00
0.97		0.00		4655.10		-4730.49		0.00
0.80		0.00		3349.89		-4130.95		0.00
0.77		0.00		3186.85		-2469.17		0.00
0.81		0.00		4293.93		-3820.94		0.00
0.78		0.00		3371.90		-2918.95		0.00
0.65		0.00		3070.79		-2921.53		0.00
0.80		0.00		3523.38		-4130.72		0.00
0.98		0.00		4373.89		-4364.76		0.00
0.81		0.00		3696.93		-4300.38		0.00
0.80		0.00		3911.57		-3291.97		0.00
0.59		0.00		1920.31		-1023.43		0.00
0.87		0.00		2888.87		-2903.60		0.00
0.51		0.00		1674.25		-1107.99		0.00
0.88		0.00		3907.20		-3789.02		0.00
0.78		-33.73		2900.74		-1380.20		1331.82
0.87		0.00		3912.72		-3839.63		0.00
0.67		0.00		2390.06		-1813.20		0.00
0.67		0.00		2780.17		-2426.53		0.00
0.84		0.00		3052.09		-2059.49		0.00
0.95		0.00		3926.42		-3712.97		0.00
0.98		0.00		3722.00		-3914.37		0.00
0.99		0.00		4200.24		-4635.21		0.00
0.68		0.00		3190.22		-3139.33		0.00
0.78		0.00		3474.63		-3500.23		0.00
0.75		0.00		3270.31		-3443.35		0.00
0.83		0.00		3438.94		-3971.74		0.00
0.96		0.00		4054.25		-3786.71		0.00
0.88		0.00		3481.69		-3556.54		0.00
0.48		0.00		2284.03		-1923.88		0.00
0.76		-0.06		2398.88		-2784.51		-34.71
0.84		0.00		4078.84		-3717.96		0.00
0.60		0.00		3028.76		-2434.66		0.00
0.77		0.00		3281.25		-2613.95		0.00
0.80		0.00		3601.81		-3358.30		0.00
0.93		0.00		4497.70		-4763.81		0.00
0.90		0.00		3724.91		-3712.70		0.00
0.88		0.00		3826.21		-3752.38		0.00
0.85		0.00		3637.39		-3141.33		0.00
1.26		0.00		5195.63		-6503.09		0.00
0.88		0.00		3869.32		-3566.13		0.00
0.56		0.00		2760.45		-2645.19		0.00
1.03		0.00		3433.24		-3142.97		0.00
0.77		0.00		1648.68		-573.85		0.00
0.96		0.00		4084.66		-4396.49		0.00
0.64		50.53		3045.59		-1768.34		25.02
1.00		0.00		4893.22		-4570.55		0.00
0.88		0.00		4208.39		-4239.03		0.00
0.66		0.00		2739.17		-2095.22		0.00
0.78		0.00		3478.86		-3325.44		0.00
1.09		-15.43		3099.87		-3122.67		1600.33
0.90		0.00		3296.40		-2482.83		0.00
1.20		-13638.05		3772.86		-6918.31		-1868.57
0.79		0.00		3464.84		-3230.44		0.00
0.71		0.00		3127.77		-2950.01		0.00
0.90		-3.23		3108.35		-4044.99		42.76
0.82		0.00		3535.52		-3171.18		0.00
0.82		0.00		3237.77		-2927.81		0.00
1.05		0.00		4799.00		-4696.68		0.00
0.61		0.00		1652.58		-2000.42		0.00
0.87		0.00		4004.24		-3742.93		0.00
1.10		0.00		4427.95		-4427.60		0.00
0.74		0.00		2787.50		-2930.95		0.00
0.88		0.00		4111.54		-3725.80		0.00
0.97		0.00		4069.52		-4123.45		0.00
0.72		0.00		2933.48		-3300.29		0.00
1.03		0.00		3937.31		-3507.61		0.00
0.75		4404.18		2998.60		-3569.13		634.93
1.02		0.00		4396.44		-3993.50		0.00
1.14		0.00		4575.71		-3893.85		0.00
0.81		0.00		3844.86		-2343.99		0.00
0.80		0.00		3814.84		-3160.84		0.00
0.99		0.00		4749.74		-4991.98		0.00
0.80		0.00		3444.33		-3419.13		0.00
0.74		0.00		3189.94		-3273.17		0.00
0.99		0.00		4428.99		-3813.02		0.00
0.87		2.85		3587.61		-3170.29		112.82
0.80		0.00		3903.86		-3481.02		0.00
0.88		0.00		3538.45		-2968.82		0.00
0.78		0.00		3238.93		-3157.29		0.00
1.10		3.77		3779.31		-2794.21		677.11
0.75		0.00		3445.13		-3228.72		0.00
0.80		191.65		3010.70		-2047.55		422.72
0.70		0.00		2860.96		-2631.71		0.00
0.76		0.00		3585.61		-4022.90		0.00
0.86		0.00		3510.52		-3457.70		0.00
0.75		0.00		3321.16		-2319.68		0.00
0.79		0.00		3449.31		-3565.41		0.00
0.81		19.29		3396.14		-2583.02		878.40
0.74		0.00		3417.45		-3112.25		0.00
0.70		0.00		2545.11		-1951.73		0.00
0.83		0.00		3348.13		-2913.43		0.00
0.77		0.00		3732.72		-3410.83		0.00
0.90		0.00		3626.07		-3693.59		0.00
0.73		0.00		2527.10		-1823.58		0.00
1.40		0.00		3461.58		-7864.31		0.00
0.88		0.00		3771.40		-3730.81		0.00
0.97		0.00		4243.41		-4788.61		0.00
0.93		0.00		3985.03		-3768.24		0.00
1.21		-1024.89		2757.19		-6694.61		-926.43
0.62		0.00		2471.79		-2002.30		0.00
0.89		464.56		4278.55		-3864.84		1410.06
0.76		85.92		3009.98		-2893.46		243.70
0.97		0.00		4120.66		-3369.63		0.00
0.83		0.00		3379.04		-2774.68		0.00
0.89		0.00		3922.42		-3522.80		0.00
0.86		-32.83		3391.27		-3393.55		-17.43
0.70		0.00		2739.57		-2526.33		0.00
0.92		-242.78		3637.02		-4593.02		-674.96
0.73		8.77		2805.65		-2148.91		106.27
0.73		0.00		3004.92		-2634.30		0.00
0.92		157.03		4183.70		-2491.35		1649.40
0.80		0.00		3101.18		-4110.01		0.00
0.87		0.00		3808.75		-3296.90		0.00
0.95		0.00		4020.75		-4053.04		0.00
0.90		17.92		3930.25		-3478.13		171.07
0.93		0.00		4132.83		-3551.74		0.00
0.83		0.00		3983.10		-3745.53		0.00
0.68		0.00		3163.73		-2887.74		0.00
0.74		0.00		3211.50		-3411.16		0.00
0.86		0.00		3651.76		-3328.81		0.00
0.72		0.00		3071.17		-2526.15		0.00
0.99		-203.81		2453.94		-8049.61		-4308.86
0.71		0.00		2751.09		-3190.21		0.00
0.73		0.08		3657.40		-5420.55		-1956.90
1.00		0.00		3712.67		-3733.73		0.00
0.97		2771.18		4994.88		-4124.38		202.09
0.73		0.00		2918.17		-3786.79		0.00
0.81		0.00		3404.63		-3724.72		0.00
0.96		0.00		4255.56		-4537.84		0.00
0.77		34.32		2392.98		-1701.31		2023.41
0.63		0.00		2659.91		-2492.62		0.00
0.72		0.00		2930.05		-2347.23		0.00
0.63		0.00		3098.54		-3343.26		0.00
0.72		47.63		3437.50		-2253.19		1230.30
0.82		0.00		3532.53		-3482.59		0.00
0.59		0.00		2107.07		-1971.05		0.00
0.73		0.00		2621.58		-1385.32		0.00
0.87		0.00		3438.74		-2974.50		0.00
0.64		0.00		2822.12		-3227.70		0.00
0.83		0.00		3598.91		-3227.28		0.00
0.80		0.00		3542.14		-4024.06		0.00
0.74		0.00		3426.85		-3287.57		0.00
0.75		0.00		2714.80		-2085.50		0.00
0.71		0.00		2911.93		-2454.71		0.00
0.60		0.00		2500.82		-1556.35		0.00
0.82		0.00		3361.88		-2788.66		0.00
0.98		-27.14		3984.97		-4291.18		-305.31
0.88		0.00		4466.38		-4643.13		0.00
0.85		0.00		2859.28		-3291.92		0.00
0.88		0.00		3116.23		-2119.52		0.00
0.92		0.00		2292.74		-4553.24		0.00
0.55		0.00		1965.61		-1454.21		0.00
0.74		0.00		3450.22		-2622.69		0.00
0.70		0.00		3149.50		-2330.91		0.00
0.73		-29.41		2797.15		-1695.24		505.22
0.58		0.00		2391.28		-2829.13		0.00
1.02		-87.29		3895.56		-2649.46		1.85
0.74		0.00		3295.36		-3007.16		0.00
0.88		0.00		3222.55		-2956.34		0.00
0.72		0.00		2804.56		-2163.86		0.00
0.87		0.00		3822.65		-3019.90		0.00
0.95		0.00		4338.37		-3666.07		0.00
0.69		0.00		2988.39		-3562.69		0.00
1.17		-12.94		3318.74		-752.17		5840.34
0.74		0.00		3074.71		-2633.25		0.00
0.74		0.00		3739.11		-3350.08		0.00
0.71		0.00		1832.42		-2363.67		0.00
1.02		0.00		4676.07		-4506.24		0.00
0.74		0.00		3384.73		-3001.72		0.00
0.78		0.00		3073.67		-2803.84		0.00
0.80		0.00		2896.17		-2296.67		0.00
0.90		0.00		3457.10		-3320.05		0.00
0.85		0.00		3706.25		-4848.03		0.00
0.50		0.00		2483.90		-1526.47		0.00
0.73		0.00		2832.86		-2409.84		0.00
1.03		0.00		4322.39		-4055.22		0.00
0.97		11.90		3060.89		-1531.73		4618.30
0.71		-0.57		2200.39		-5014.55		-2037.28
0.92		-874.25		3210.88		-5147.71		-246.79
0.75		0.00		3226.44		-3399.98		0.00
1.03		-8.25		4622.62		-4754.06		-106.97
0.88		345.46		2886.61		-5960.09		-2535.62
0.94		-63.47		4056.12		-4955.46		-16.60
0.94		0.00		4180.54		-4580.42		0.00
1.19		0.00		5665.36		-4103.32		0.00
0.75		0.00		3681.17		-3265.95		0.00
0.87		0.00		3820.26		-4060.73		0.00
0.87		0.00		3689.15		-4154.21		0.00
0.76		0.00		2893.15		-1775.97		0.00
0.75		0.00		2967.71		-2491.52		0.00
0.90		0.00		4015.30		-3625.38		0.00
1.00		0.00		3633.94		-3929.35		0.00
0.84		0.00		3966.47		-3952.55		0.00
0.55		0.00		2643.92		-2832.77		0.00
0.74		0.00		3151.87		-3687.26		0.00
0.74		0.00		3237.22		-3262.89		0.00
0.75		0.00		3914.58		-4133.15		0.00
0.68		0.00		2517.20		-2337.57		0.00
0.38		0.00		1790.69		-1951.46		0.00
1.06		2.09		4629.23		-4224.04		60.21
0.73		0.00		3185.88		-3531.93		0.00
0.78		0.00		3196.99		-2880.19		0.00
0.92		0.04		2809.95		-1694.29		83.02
0.93		0.00		4469.47		-4720.21		0.00
0.00		0.00		0.00		0.00		0.00
0.00		0.00		0.00		0.00		0.00
0.00		0.00		0.00		0.00		0.00
0.00		0.00		0.00		0.00		0.00
0.00		0.00		0.00		0.00		0.00
0.00		0.00		0.00		0.00		0.00
0.00		0.00		0.00		0.00		0.00
0.00		0.00		0.00		0.00		0.00
0.00		0.00		0.00		0.00		0.00
0.00		0.00		0.00		0.00		0.00
0.00		0.00		0.00		0.00		0.00
0.00		0.00		0.00		0.00		0.00
0.00		0.00		0.00		0.00		0.00
0.00		0.00		0.00		0.00		0.00
0.00		0.00		0.00		0.00		0.00
0.00		0.00		0.00		0.00		0.00
0.00		0.00		0.00		0.00		0.00
0.00		0.00		0.00		0.00		0.00
0.00		0.00		0.00		0.00		0.00
0.00		0.00		0.00		0.00		0.00
0.00		0.00		0.00		0.00		0.00
0.00		0.00		0.00		0.00		0.00
0.00		0.00		0.00		0.00		0.00
0.00		0.00		0.00		0.00		0.00
0.00		0.00		0.00		0.00		0.00
0.00		0.00		0.00		0.00		0.00
0.00		0.00		0.00		0.00		0.00
0.00		0.00		0.00		0.00		0.00
0.00		0.00		0.00		0.00		0.00
0.00		0.00		0.00		0.00		0.00
0.00		0.00		0.00		0.00		0.00
0.00		0.00		0.00		0.00		0.00
0.00		0.00		0.00		0.00		0.00
0.00		0.00		0.00		0.00		0.00
0.00		0.00		0.00		0.00		0.00
0.00		0.00		0.00		0.00		0.00
0.00		0.00		0.00		0.00		0.00
0.00		0.00		0.00		0.00		0.00
0.00		0.00		0.00		0.00		0.00
0.00		0.00		0.00		0.00		0.00
0.00		0.00		0.00		0.00		0.00
0.00		0.00		0.00		0.00		0.00
0.00		0.00		0.00		0.00		0.00
0.00		0.00		0.00		0.00		0.00
0.00		0.00		0.00		0.00		0.00
0.00		0.00		0.00		0.00		0.00
0.00		0.00		0.00		0.00		0.00
0.00		0.00		0.00		0.00		0.00
0.00		0.00		0.00		0.00		0.00
0.00		0.00		0.00		0.00		0.00
0.00		0.00		0.00		0.00		0.00
0.00		0.00		0.00		0.00		0.00
0.00		0.00		0.00		0.00		0.00
0.00		0.00		0.00		0.00		0.00
0.00		0.00		0.00		0.00		0.00
0.00		0.00		0.00		0.00		0.00
0.00		0.00		0.00		0.00		0.00
0.00		0.00		0.00		0.00		0.00
0.00		0.00		0.00		0.00		0.00
0.00		0.00		0.00		0.00		0.00
0.00		0.00		0.00		0.00		0.00
0.00		0.00		0.00		0.00		0.00
0.00		0.00		0.00		0.00		0.00
0.00		0.00		0.00		0.00		0.00
0.00		0.00		0.00		0.00		0.00
0.00		0.00		0.00		0.00		0.00
0.00		0.00		0.00		0.00		0.00
0.00		0.00		0.00		0.00		0.00
0.00		0.00		0.00		0.00		0.00
0.00		0.00		0.00		0.00		0.00
0.00		0.00		0.00		0.00		0.00
0.00		0.00		0.00		0.00		0.00
0.00		0.00		0.00		0.00		0.00
0.00		0.00		0.00		0.00		0.00
0.00		0.00		0.00		0.00		0.00
