avg_kinetic_energy		work_fgranular		work_fdesired		work_fsocial		work_fcompresion
0.49		-9057.95		16188.33		-5464.08		-1689.94
0.93		-4827.21		29015.83		-14447.79		-5558.48
0.44		-5427.71		17086.74		-6180.87		-5231.12
0.76		-8259.16		24340.29		-8267.76		-4362.32
0.78		-5363.17		24442.87		-12670.34		-8900.88
0.92		-8006.44		24515.72		-11734.95		2976.32
0.84		-7046.62		21454.30		-2018.04		588.77
0.43		-4426.55		19083.42		-7938.37		-5210.66
0.82		-6219.41		21641.53		-9839.58		-6632.44
0.73		-7242.72		24533.66		-8865.85		-3993.19
1.17		-9965.66		37179.21		-19250.56		-12905.59
1.00		-11243.02		27515.21		-7883.40		-4988.78
0.78		-11393.39		24878.97		-12616.41		-8285.18
0.85		-10984.99		29179.35		-15429.99		-5344.36
0.87		-10061.61		23226.83		-9277.65		-5890.84
0.32		-2728.50		11923.79		-5246.94		-3385.42
0.34		-3395.64		11687.95		-4940.59		115.83
0.98		-20735.17		26494.82		-9521.13		1237.66
0.75		-8541.97		23524.28		-9642.03		-2859.11
0.96		-15687.46		25758.67		-6635.16		524.18
0.49		-6106.71		12258.47		-9257.18		-2074.34
0.93		-11893.43		28136.37		-12256.86		-1979.74
1.00		-10408.27		28319.60		-12509.06		-15572.17
1.08		-11195.54		29298.83		-10505.04		-6037.65
1.09		-6617.69		28015.50		-11864.13		-6209.02
0.44		-2464.30		14504.97		-4673.87		-371.64
0.95		-11934.15		23285.39		-10784.53		3610.00
0.61		-6346.92		17362.04		-5695.66		-286.59
0.90		-10798.65		28357.11		-11912.05		-1508.97
0.65		-4997.54		16972.40		-5052.25		-3823.28
1.50		-12805.24		29434.50		-8563.94		11955.36
0.93		-12927.88		21870.99		-10779.46		-6488.70
0.74		-2751.85		16689.66		-805.04		4595.41
0.55		-5177.30		15184.97		-4654.55		-2084.38
0.29		-3147.33		10136.49		-5579.65		-1282.34
0.53		-5375.13		19521.51		-7192.68		-2359.63
0.97		-12345.38		25336.12		-10430.98		-3360.62
1.18		-15113.91		26706.30		-8801.70		-7068.29
1.65		-12946.73		40044.48		-19702.70		-14355.83
1.36		-13576.48		28933.22		-8581.91		-3075.64
0.50		-8331.37		17436.88		-5579.79		-5134.47
0.90		-6348.96		25230.16		-10458.78		-1156.42
0.97		-13380.57		30069.63		-10103.75		-9580.42
1.36		-12253.40		24185.08		-10434.53		1399.52
0.58		-8764.56		21173.37		-8906.50		-6523.91
0.99		-10716.80		22531.45		-5203.89		1121.60
0.64		-9611.60		22312.75		-9652.68		-5197.60
0.38		-3167.84		12949.94		-6141.77		-3264.88
1.06		-17665.47		26942.45		-5565.97		-3725.85
0.82		-9534.36		25571.78		-11263.32		-11932.74
0.44		-4483.12		15053.13		-4920.47		-964.18
0.93		-12233.55		21216.73		-10303.77		-4887.22
0.94		-7011.67		28982.65		-10979.37		-6232.24
0.63		-4103.92		22056.49		-8229.28		-2104.07
1.24		-15601.67		29663.72		-11236.54		-2736.69
0.91		-11328.58		25585.35		-10318.82		-6886.68
0.75		-9729.63		29187.62		-14669.46		-4585.04
0.77		-8806.94		23670.49		-11728.98		781.08
0.90		-5776.49		23702.90		-7120.73		3683.06
1.27		-13462.24		34187.46		-11589.23		-3944.98
0.47		-6977.15		17261.16		-7093.67		-3415.63
0.55		-7828.25		19897.51		-6285.13		-4825.44
0.89		-9339.58		25551.44		-11785.98		-5393.78
0.65		-7033.00		23412.21		-10613.03		-12809.03
1.02		-15716.15		26554.54		-9806.79		-6181.01
0.45		-4217.29		12725.87		-5340.02		-5442.55
1.34		-10192.73		36892.52		-12458.73		-4284.12
0.66		-5398.79		22543.97		-9450.25		-1250.83
1.02		-13142.68		33107.27		-9682.97		-5436.41
0.79		-4859.59		19885.47		-11912.91		-8213.04
0.97		-16332.21		22737.69		-8913.99		-3871.12
1.34		-16813.44		34899.05		-12822.35		-1751.07
0.49		-5056.01		16994.73		-4991.19		-376.41
0.75		-4164.03		19671.96		-7158.96		397.98
1.08		-10024.08		24829.73		-12594.98		-7964.88
0.73		-7494.71		23282.29		-5566.12		-6638.64
0.39		-6149.41		15419.99		-6536.65		-2712.65
0.59		-5470.14		18826.81		-8671.70		-7027.34
0.93		-7739.55		27400.59		-13159.65		-14664.76
0.65		-5911.78		17355.23		-7040.86		-6446.39
0.50		-5175.86		16082.93		-8409.71		-6940.05
1.09		-8083.47		27762.82		-10821.73		-4940.23
0.45		-4708.55		14157.63		-5893.74		-587.39
0.44		-4908.41		16177.18		-5414.76		-4324.99
1.36		-16171.78		36042.00		-15713.10		-7948.31
0.72		-7872.86		20458.93		-12223.04		-12036.13
0.86		-9508.52		25430.55		-9327.22		-9302.09
1.24		-16060.22		32849.17		-11815.79		-8563.00
1.04		-11901.40		25941.54		-9176.81		-2476.86
1.12		-9133.59		31220.28		-11980.99		-9572.72
0.65		-8831.83		20741.74		-10311.73		-7976.44
0.99		-8392.16		32026.07		-10427.87		-7314.49
1.19		-9328.05		28730.02		-9321.91		-4283.83
1.00		-8937.68		32526.38		-12000.64		-1792.44
1.06		-11565.96		29690.59		-13894.73		-9470.02
0.64		-6465.76		21030.94		-6481.87		-2055.49
0.19		-1802.44		10874.83		-4703.03		199.71
1.15		-9112.55		26805.11		-13305.78		-10890.77
0.71		-9776.13		20900.42		-8279.55		1701.04
0.55		-6050.19		14898.65		-5798.18		-3260.83
0.65		-4384.21		20973.10		-8827.90		-5202.68
0.50		-6296.15		15521.85		-2839.37		656.27
1.01		-8956.95		23617.35		-6722.05		-3558.94
0.67		-7038.29		20221.72		-5215.77		-6481.65
0.77		-7349.86		19916.20		-7102.55		-1452.56
1.06		-9127.62		29941.77		-12354.57		-15907.17
0.69		-6493.95		20572.40		-8759.83		-14027.22
0.98		-7428.98		25615.22		-7787.57		-7125.11
1.18		-11818.56		32275.40		-14546.34		-6615.37
1.14		-7115.10		30398.69		-10404.29		-7323.12
0.38		-9992.80		13512.73		-1743.29		1541.09
1.36		-21560.07		27490.39		-13249.16		-16552.83
0.89		-13057.09		24003.09		-4082.22		1664.83
0.83		-10074.61		24857.04		-9723.62		-6757.92
0.49		-5230.21		17350.65		-7299.32		-7316.44
0.74		-9892.28		18004.58		-3884.09		3095.79
0.64		-9376.42		15667.39		-6804.48		-19.47
0.85		-10903.15		22920.46		-8400.25		-5100.80
1.28		-10008.27		37062.21		-7103.96		7660.91
1.08		-10784.39		27996.60		-15611.13		-3308.10
1.12		-14978.51		28041.21		-14158.14		-18292.48
1.02		-13016.20		27534.18		-10002.92		-411.51
0.79		-12118.57		27020.52		-13002.92		-712.69
0.90		-11866.22		25265.21		-6385.33		1942.69
1.56		-18469.92		38777.90		-15257.28		-2563.75
0.55		-4796.73		19385.78		-9466.17		-5913.96
0.76		-6273.26		23514.71		-9880.54		-6313.68
1.09		-13755.87		31538.85		-9202.78		-3785.29
0.95		-8527.74		30948.22		-19158.35		-10167.89
1.03		-8355.77		23359.02		-11269.55		-3385.81
0.62		-6502.26		20848.35		-9567.81		-7424.56
0.53		-9286.80		18180.40		-8809.50		-477.41
0.75		-9613.99		25874.73		-10493.60		-9438.31
1.03		-12420.31		27075.47		-10439.40		-442.38
0.86		-9826.66		23056.00		-7945.38		-2155.82
0.80		-7679.98		25987.63		-12081.72		-5405.08
1.14		-13558.90		29762.74		-9227.09		-3488.03
0.97		-7683.18		27396.14		-14323.84		-10179.27
0.74		-9310.75		23395.37		-11296.97		-6430.90
1.08		-16477.77		31207.67		-10343.14		-3169.51
0.85		-10718.71		25507.06		-8416.50		-9326.05
0.84		-7817.69		21161.59		-8960.47		-5515.14
0.75		-8994.02		22380.55		-6746.01		-49.70
1.43		-10392.87		29972.10		-6280.99		8813.68
0.50		-5079.81		18170.40		-8145.20		-3317.20
0.78		-10068.39		30515.15		-11768.82		-11721.86
0.91		-10072.39		27956.23		-12192.98		-6927.59
0.59		-10469.31		20991.90		-9249.43		-344.59
0.84		-10910.55		20496.60		-6380.64		478.81
0.87		-4549.68		25227.65		-9847.28		861.30
0.91		-9717.42		28035.28		-12873.55		-6302.81
0.89		-8586.09		23993.24		-9945.38		-3430.95
1.09		-11133.53		21719.77		-8843.28		-9312.44
0.74		-9219.98		22065.30		-5955.87		-2251.14
1.03		-12205.24		27202.19		-5134.65		5447.58
0.77		-9579.98		20827.78		-11580.42		-6177.17
0.60		-5764.35		14671.55		-7630.72		-4717.66
0.91		-9787.44		25453.33		-11040.93		-16424.11
0.75		-8462.98		23182.42		-8442.27		-1713.68
1.18		-9083.34		34745.97		-14454.38		-17240.08
0.85		-7143.72		22979.98		-12867.39		1342.79
0.97		-6955.97		26749.29		-12904.37		-9067.81
1.10		-11128.04		32547.87		-12503.69		-8201.32
0.46		-6440.88		15755.73		-5987.11		-2383.08
1.19		-11712.05		27235.54		-8275.59		-6523.87
0.71		-6154.02		18118.79		-7158.73		-2999.94
0.79		-5790.84		20336.58		-10112.07		-6494.43
0.96		-8568.68		30100.07		-11016.51		-2860.62
0.86		-11627.44		24941.03		-12080.62		-4729.50
1.04		-11768.76		25652.11		-10258.80		-1123.16
0.78		-12791.61		21993.52		-11299.16		-13414.49
1.06		-10977.34		31852.87		-13758.82		-14240.81
1.08		-16081.63		27731.63		-12510.24		-11434.80
0.58		-9697.79		21578.13		-6813.55		-343.17
1.22		-8845.71		32458.95		-18684.32		-16657.89
1.20		-11494.43		31528.93		-13904.34		-15277.15
0.42		-5212.21		13167.87		-6488.40		-2482.57
0.80		-7806.74		20949.73		-7587.97		-2565.19
1.25		-16180.48		32944.94		-15365.24		-14390.16
0.59		-5808.85		20113.50		-8121.57		-1839.49
0.68		-5159.46		20760.24		-9912.27		-8204.92
0.23		-2626.61		10832.18		-4815.96		-1275.22
0.65		-5738.54		21185.48		-8536.93		-5246.58
0.81		-8093.28		28573.73		-11148.05		-6335.95
0.76		-10418.47		22841.87		-9179.11		-12057.78
0.81		-9603.87		25364.90		-10464.65		-9261.70
0.27		-2914.50		15214.99		-6657.86		-2134.38
0.91		-12720.69		27863.48		-11501.74		-394.27
0.97		-12842.24		26201.48		-10499.10		4286.52
1.28		-16562.02		29286.97		-9207.44		9896.18
1.01		-11037.86		30315.30		-10187.55		-6048.73
1.21		-14841.15		22272.32		-7663.86		-6925.18
0.57		-5666.53		18597.23		-9837.56		-6130.48
1.77		-23347.73		30954.79		-10577.97		1437.18
0.89		-8417.03		25745.15		-8418.57		-11089.37
0.29		-4348.47		14460.70		-6777.97		-3244.58
0.40		-3547.53		12211.43		-4785.22		-5451.04
1.22		-14469.06		33220.68		-7821.05		-2182.48
0.89		-6913.34		29570.67		-10619.77		-8750.78
1.01		-7283.00		20522.29		-10650.18		-12741.85
0.75		-9759.66		25703.15		-10793.99		-8003.87
1.27		-8063.30		22930.27		-13637.18		-12113.29
0.53		-3682.22		21680.85		-10622.26		-11864.75
0.32		-5371.41		13708.46		-3898.71		-702.56
1.13		-8513.93		25929.15		-14006.18		-14488.47
0.55		-8744.61		21849.87		-10337.99		-8500.37
0.98		-14902.98		24051.43		-6777.53		-3058.44
1.04		-11915.74		29362.80		-10646.87		-8913.06
0.96		-7832.15		27052.63		-13835.93		-6323.65
0.33		-2841.35		13257.30		-9803.69		-2323.74
0.98		-8132.84		24236.19		-7391.17		-2144.30
1.00		-7126.25		19804.93		-9688.02		-4058.50
0.38		-6070.01		17233.70		-8458.21		-3777.09
0.96		-16221.50		25369.07		-5889.39		5714.77
0.87		-5686.01		16437.52		-4527.06		3414.74
1.20		-12862.16		23939.89		-7011.20		9641.86
0.51		-3849.97		16238.89		-7154.91		-2722.55
1.21		-11774.99		30402.28		-8862.54		2939.85
0.84		-11607.32		25102.10		-12189.34		-3697.73
0.46		-6512.22		18362.87		-5904.37		-3330.12
0.23		-3147.18		9712.77		-4665.30		-3152.18
0.70		-4832.63		18569.04		-8569.94		-1809.51
0.62		-7257.82		21906.22		-7267.19		-169.42
0.69		-4826.70		20904.30		-11460.75		-13078.64
0.77		-3027.33		17160.33		-8886.37		-7857.20
0.00		0.00		0.00		0.00		0.00
0.00		0.00		0.00		0.00		0.00
0.00		0.00		0.00		0.00		0.00
0.00		0.00		0.00		0.00		0.00
0.00		0.00		0.00		0.00		0.00
0.00		0.00		0.00		0.00		0.00
0.00		0.00		0.00		0.00		0.00
0.00		0.00		0.00		0.00		0.00
0.00		0.00		0.00		0.00		0.00
0.00		0.00		0.00		0.00		0.00
0.00		0.00		0.00		0.00		0.00
0.00		0.00		0.00		0.00		0.00
0.00		0.00		0.00		0.00		0.00
0.00		0.00		0.00		0.00		0.00
0.00		0.00		0.00		0.00		0.00
0.00		0.00		0.00		0.00		0.00
0.00		0.00		0.00		0.00		0.00
0.00		0.00		0.00		0.00		0.00
0.00		0.00		0.00		0.00		0.00
0.00		0.00		0.00		0.00		0.00
0.00		0.00		0.00		0.00		0.00
0.00		0.00		0.00		0.00		0.00
0.00		0.00		0.00		0.00		0.00
0.00		0.00		0.00		0.00		0.00
0.00		0.00		0.00		0.00		0.00
0.00		0.00		0.00		0.00		0.00
0.00		0.00		0.00		0.00		0.00
0.00		0.00		0.00		0.00		0.00
0.00		0.00		0.00		0.00		0.00
0.00		0.00		0.00		0.00		0.00
0.00		0.00		0.00		0.00		0.00
0.00		0.00		0.00		0.00		0.00
0.00		0.00		0.00		0.00		0.00
0.00		0.00		0.00		0.00		0.00
0.00		0.00		0.00		0.00		0.00
0.00		0.00		0.00		0.00		0.00
0.00		0.00		0.00		0.00		0.00
0.00		0.00		0.00		0.00		0.00
0.00		0.00		0.00		0.00		0.00
0.00		0.00		0.00		0.00		0.00
0.00		0.00		0.00		0.00		0.00
0.00		0.00		0.00		0.00		0.00
0.00		0.00		0.00		0.00		0.00
0.00		0.00		0.00		0.00		0.00
0.00		0.00		0.00		0.00		0.00
0.00		0.00		0.00		0.00		0.00
0.00		0.00		0.00		0.00		0.00
0.00		0.00		0.00		0.00		0.00
0.00		0.00		0.00		0.00		0.00
0.00		0.00		0.00		0.00		0.00
0.00		0.00		0.00		0.00		0.00
0.00		0.00		0.00		0.00		0.00
0.00		0.00		0.00		0.00		0.00
0.00		0.00		0.00		0.00		0.00
0.00		0.00		0.00		0.00		0.00
0.00		0.00		0.00		0.00		0.00
0.00		0.00		0.00		0.00		0.00
0.00		0.00		0.00		0.00		0.00
0.00		0.00		0.00		0.00		0.00
0.00		0.00		0.00		0.00		0.00
0.00		0.00		0.00		0.00		0.00
0.00		0.00		0.00		0.00		0.00
0.00		0.00		0.00		0.00		0.00
0.00		0.00		0.00		0.00		0.00
0.00		0.00		0.00		0.00		0.00
0.00		0.00		0.00		0.00		0.00
0.00		0.00		0.00		0.00		0.00
0.00		0.00		0.00		0.00		0.00
0.00		0.00		0.00		0.00		0.00
0.00		0.00		0.00		0.00		0.00
0.00		0.00		0.00		0.00		0.00
0.00		0.00		0.00		0.00		0.00
0.00		0.00		0.00		0.00		0.00
0.00		0.00		0.00		0.00		0.00
0.00		0.00		0.00		0.00		0.00
