avg_kinetic_energy		work_fgranular		work_fdesired		work_fsocial		work_fcompresion
0.31		-1353.18		9981.80		-3807.93		-1181.27
0.91		-2896.02		19448.23		-11158.56		-2969.54
0.62		-3117.20		18226.10		-11202.63		-3398.93
0.82		-4618.58		16939.33		-10510.98		3702.68
0.58		-4449.78		15665.18		-9969.15		-1302.87
1.05		-5417.95		22377.72		-13779.22		-3685.09
0.55		-2815.21		13854.87		-9240.41		-5078.76
0.52		-2552.42		14070.32		-10031.13		-3267.70
0.56		-2199.46		12319.60		-9576.13		-3719.26
0.62		-3972.38		15130.09		-8483.03		-437.88
0.96		-5538.99		18933.58		-8760.74		-4389.02
0.59		-2206.19		10773.57		-7285.42		-1892.65
0.68		-3176.14		14243.90		-8462.02		-3858.26
0.82		-3186.07		19952.22		-12059.99		-1227.06
1.01		-4133.15		23894.86		-15190.55		-4088.01
0.54		-2284.37		12798.17		-10559.63		-5857.87
0.76		-2308.93		14241.47		-8187.85		652.13
0.48		-2336.37		13509.02		-8343.07		-2101.96
0.72		-4954.95		16885.97		-9480.57		277.10
0.79		-4553.98		16029.41		-10260.56		-3089.23
0.87		-5562.71		17388.55		-9712.64		-5278.52
0.88		-4305.77		16292.06		-11508.32		-4261.85
0.78		-3385.68		17483.43		-11117.69		-3804.24
0.88		-4465.54		16732.03		-8387.24		-2900.77
0.58		-3390.49		13654.28		-6443.19		607.04
0.81		-4664.06		20121.82		-12606.49		-3819.50
0.53		-2944.21		13770.35		-8053.79		-2760.45
0.31		-2162.78		9368.90		-5798.60		121.45
0.91		-3262.44		19370.33		-15488.61		-3869.01
0.45		-1586.72		12222.73		-9118.00		-2010.81
0.67		-2776.61		13754.81		-8756.70		-544.05
0.46		-2769.10		10857.06		-7940.08		119.92
0.64		-1701.35		9328.61		-5156.23		-3003.18
0.67		-3921.26		13896.06		-7176.89		-919.07
1.03		-4191.22		20504.33		-12516.00		87.91
0.75		-5693.97		19527.72		-10625.38		-3233.69
0.49		-3520.05		12044.59		-7425.62		-1365.72
1.21		-6120.48		24486.18		-15668.45		-9380.36
0.67		-4192.89		14244.84		-7770.36		-1172.92
0.73		-4060.29		17916.93		-9830.08		-3652.69
1.02		-3941.78		18881.25		-9309.30		-2185.31
0.79		-3937.50		17419.81		-11542.93		-4772.22
0.87		-5125.37		17474.90		-8470.19		-936.07
0.70		-4710.25		17363.02		-10082.04		-2814.88
0.61		-2672.53		13774.30		-10228.44		-1143.22
0.83		-2733.22		19231.65		-12198.39		-3644.80
0.70		-3401.64		16571.73		-6951.26		-2827.74
0.69		-3698.94		14220.06		-6938.32		-1376.55
0.76		-4434.29		14787.71		-10229.90		296.76
0.67		-4394.27		12594.86		-4635.39		-323.46
0.51		-3254.79		12459.82		-8231.06		-1346.53
1.07		-6917.76		21287.47		-12911.99		-2545.39
1.14		-4566.44		22306.93		-15595.94		-6099.86
0.83		-5252.41		19229.32		-9928.27		-1863.76
0.74		-4636.31		16192.89		-10475.65		-4353.23
1.20		-4878.78		22084.18		-15937.34		-6378.47
1.14		-4571.12		25519.18		-16798.46		-5290.69
0.62		-3075.23		14084.40		-9622.71		447.37
0.58		-2501.87		13264.62		-10995.24		-5585.48
0.60		-3134.10		15957.53		-10781.71		-3443.89
0.83		-2303.85		16553.46		-9421.60		-515.05
0.99		-5930.80		24959.57		-17131.39		-2860.67
0.81		-3461.43		14877.85		-8502.37		-7350.38
1.19		-3027.59		21519.58		-9387.12		-2094.52
0.77		-4257.85		16836.53		-10416.62		-2247.96
0.63		-3480.79		17124.30		-11281.68		-1404.31
0.85		-5280.92		18849.41		-12344.58		-3676.66
1.03		-3150.91		21028.98		-13381.05		-3483.98
0.89		-3962.94		18303.52		-9727.36		-1926.03
0.53		-2652.70		15577.42		-10229.61		-3990.41
0.78		-2484.42		16918.71		-7895.04		-810.07
0.83		-2914.47		16648.52		-8111.42		-22.77
0.80		-5365.23		18935.69		-12770.05		-5289.20
0.94		-3923.93		21698.10		-15797.95		-5483.45
0.62		-2287.11		11507.38		-6610.95		1760.62
0.66		-4324.16		16130.72		-9312.93		-2501.03
0.93		-5825.31		20410.47		-14066.28		-1525.84
0.63		-2061.26		11356.61		-6574.13		-4685.31
1.04		-5412.38		18310.62		-11286.00		3913.19
0.54		-2633.66		12742.53		-8594.32		-4123.64
0.75		-2657.68		15527.15		-9859.16		-908.31
0.77		-2287.55		12802.97		-9555.65		-3519.39
1.00		-3599.41		14893.58		-11667.29		-3740.34
0.98		-5629.96		23267.62		-14068.08		-7124.41
1.16		-5447.24		25467.81		-16576.64		-3940.37
1.17		-7524.61		27057.16		-14970.21		984.07
0.74		-3174.45		17090.20		-8853.20		-2972.84
0.65		-1574.15		11917.24		-6813.16		-1074.47
0.92		-3623.64		23798.12		-13122.53		-7098.79
0.98		-3609.81		20931.74		-12908.67		-5803.80
0.81		-4285.15		18141.66		-12676.75		-2475.75
0.49		-2663.10		12133.91		-6679.58		-2213.68
0.67		-3673.02		14413.54		-7925.20		-1948.95
0.96		-4094.29		22004.96		-10092.57		-4643.00
1.24		-10360.22		26579.26		-16325.93		2183.65
0.55		-2511.09		12923.82		-6424.99		-78.93
0.78		-4689.96		14403.80		-8104.42		-2828.60
0.87		-4331.66		19706.57		-13012.60		-2468.51
0.81		-2134.79		15493.60		-10736.43		-5448.06
0.77		-4356.69		15814.78		-7876.76		-3479.36
0.33		-1548.65		9765.16		-5576.13		1012.50
0.68		-3606.33		15494.01		-9249.38		-3051.20
0.29		-1541.37		7808.86		-5335.25		-830.20
0.86		-3917.59		17272.46		-8851.94		-3042.48
0.97		-4034.20		21949.33		-16482.20		-5571.13
0.89		-3740.61		19111.67		-12582.00		-6619.46
0.46		-3177.02		11385.52		-5347.42		-1606.47
0.82		-2797.05		17769.83		-12157.66		-4611.28
0.73		-3289.68		15275.36		-8482.96		2096.30
1.18		-5751.13		25339.41		-10814.63		-2185.25
0.54		-3436.43		15076.54		-10237.39		-1505.37
0.45		-2118.07		10802.23		-5598.03		649.02
0.57		-2589.10		11977.73		-6296.77		-796.86
0.55		-2041.24		11219.40		-5785.19		-2279.51
1.08		-6821.31		23458.12		-10047.18		178.69
0.87		-5174.37		15961.24		-7637.61		-4475.09
0.89		-4387.87		19411.65		-9686.63		-282.62
0.46		-1524.72		11454.59		-4783.60		-3831.52
0.65		-3691.16		15956.58		-9807.84		-2556.47
0.96		-3385.39		21592.39		-11985.46		-5399.49
1.12		-4420.20		27073.57		-20136.53		-7326.09
1.28		-5986.71		25658.34		-15081.80		-2726.31
0.91		-3938.71		17601.21		-11304.39		-5103.25
1.08		-4384.38		19606.91		-9863.34		793.00
0.97		-4331.77		19606.91		-13507.20		-4991.16
0.59		-2899.11		12827.43		-9467.35		-3629.39
0.95		-5098.80		20714.47		-11076.57		-2894.20
1.04		-3186.83		22875.39		-13656.61		-7400.17
0.90		-3628.31		18525.27		-11603.99		-3811.46
0.82		-3278.17		17500.28		-12397.61		-6415.65
1.13		-6749.59		21704.67		-11781.45		-5300.86
0.43		-2325.36		11490.51		-6329.47		-3310.43
0.81		-3482.49		13923.33		-8745.75		376.88
0.79		-3380.30		16014.71		-10691.22		-4430.23
0.72		-3663.41		16519.30		-10362.61		-1844.33
0.91		-3530.20		22421.26		-13010.28		-7809.27
1.15		-4268.26		24400.22		-17308.63		-6441.72
0.86		-4121.74		19757.58		-12650.82		-3096.50
1.06		-7700.13		21604.75		-13529.18		-6294.82
0.72		-2128.51		17063.64		-10145.36		-4032.11
0.88		-2886.04		19931.63		-12727.85		-7218.70
1.17		-6499.02		28447.23		-17420.74		-8619.47
0.72		-5201.54		12232.64		-7295.35		-2002.78
1.28		-6098.82		27495.22		-19575.17		-1446.88
1.26		-9715.97		24320.11		-15645.37		-4870.65
0.91		-3830.42		16372.48		-9772.75		-5657.69
0.85		-3472.59		20746.71		-14129.19		-3367.73
0.44		-2468.68		10382.51		-4816.18		-3166.70
0.54		-752.89		14505.56		-10759.79		-3242.22
1.47		-6644.51		30916.78		-19377.65		-3146.06
0.66		-2668.66		12879.48		-8014.13		1008.90
0.88		-5761.34		20730.70		-13111.11		788.87
1.05		-5397.95		22750.45		-15617.17		-603.96
0.82		-3845.79		19379.75		-10115.18		-3282.82
0.98		-4628.07		20306.82		-13649.94		-4835.73
0.90		-4450.14		22047.24		-10362.23		-6626.54
1.22		-3349.58		23314.31		-13999.48		-6003.43
1.01		-4547.74		21416.47		-12546.94		-3704.18
1.28		-5996.84		29312.11		-16688.80		-5103.08
0.53		-1310.15		12405.59		-6118.21		-2845.56
0.54		-3593.97		13812.09		-5502.02		-395.35
1.24		-5024.82		23625.42		-15899.47		-4568.32
0.98		-5625.49		20448.40		-12139.50		2026.76
0.84		-2571.85		17993.01		-8615.51		-3539.00
0.83		-4186.30		19515.26		-11783.95		-3121.11
0.75		-3043.98		17451.25		-11222.32		-3847.17
0.93		-3084.64		19397.79		-12572.31		-3243.93
0.81		-4407.69		18874.66		-14558.15		-3142.24
1.01		-6047.71		19062.51		-14302.60		-7816.92
0.64		-3085.59		15278.71		-10641.23		-5379.46
0.57		-2325.92		15256.64		-8986.73		-4216.50
0.89		-4239.63		18745.80		-11167.78		-5251.43
0.63		-4426.29		14904.83		-6512.27		-1447.51
1.19		-6725.99		25810.94		-16714.84		-1651.21
0.82		-3961.74		19137.57		-10756.84		-5093.66
0.88		-4803.75		17216.04		-9855.28		-72.56
0.58		-2087.98		15230.07		-8397.73		-3371.46
1.21		-5633.07		23817.65		-14743.62		-7177.59
0.70		-2839.06		14363.74		-8465.45		-107.00
0.83		-5638.88		15827.45		-6647.02		-510.87
0.82		-4199.52		17662.04		-11877.48		-631.82
0.89		-3372.77		20015.04		-12097.26		-4178.94
0.48		-1912.93		10261.04		-6231.80		-3505.37
0.66		-4330.23		14577.18		-8356.99		-526.51
1.17		-5490.53		19910.84		-12696.90		1692.27
0.62		-3455.83		12803.32		-6818.55		713.22
0.79		-5100.73		18139.03		-10130.63		-792.91
0.31		-1746.84		8925.02		-5446.95		-2410.92
0.95		-6970.40		21733.10		-12878.23		-4093.73
0.95		-3551.43		20877.49		-10250.06		803.67
0.47		-2815.04		11736.67		-8572.11		-1227.95
0.74		-2513.81		16907.10		-12218.73		-3717.03
0.64		-4244.55		11978.27		-5797.73		-264.03
0.98		-4824.17		22707.23		-15589.91		-6168.29
1.04		-4308.12		20623.83		-11669.89		-3137.69
0.99		-2555.87		21159.45		-8690.37		790.94
0.70		-3171.75		17781.83		-9123.99		-4378.49
0.70		-4776.59		14047.73		-6772.37		-416.59
0.99		-5437.48		20671.49		-13811.69		-2113.73
0.29		-1497.07		9537.84		-6532.01		-1321.20
0.49		-3311.70		11967.87		-5552.73		-1751.47
0.90		-4194.86		20490.00		-11579.41		-923.83
0.94		-5612.77		18736.45		-11925.12		4750.09
0.72		-4503.68		16058.50		-10881.97		-4957.40
0.68		-6627.88		15025.90		-6682.74		-3613.01
0.51		-2177.45		12073.31		-5275.21		-2433.53
0.53		-2161.81		12629.90		-7795.31		-1286.80
0.89		-2812.01		16820.47		-10183.97		-3205.92
1.47		-4006.75		24647.02		-13077.88		-2894.42
0.63		-1758.94		14758.18		-11094.36		-4285.79
0.70		-3576.23		14542.23		-7426.89		3626.12
1.23		-6291.83		27708.15		-14920.24		-1670.56
0.61		-4631.89		13589.78		-6653.12		-430.41
0.75		-3516.64		16407.04		-7611.21		-2789.76
1.00		-6776.06		21659.25		-13104.52		-1739.33
0.46		-2426.42		9118.94		-4965.86		-1405.20
1.11		-6327.92		19416.40		-13040.99		-4758.39
1.05		-5385.00		19669.34		-14231.04		-534.50
0.71		-2425.88		16137.58		-11042.53		-2894.77
1.07		-5684.44		22473.53		-12376.88		-2062.08
1.04		-4905.72		19133.21		-8052.97		-721.03
1.03		-6470.33		24819.10		-16142.62		-1552.10
1.16		-5012.33		23023.96		-12403.39		-6837.63
1.25		-5407.41		22329.96		-15831.70		-4718.47
0.74		-3510.88		16453.58		-10060.43		-2524.99
0.00		0.00		0.00		0.00		0.00
0.00		0.00		0.00		0.00		0.00
0.00		0.00		0.00		0.00		0.00
0.00		0.00		0.00		0.00		0.00
0.00		0.00		0.00		0.00		0.00
0.00		0.00		0.00		0.00		0.00
0.00		0.00		0.00		0.00		0.00
0.00		0.00		0.00		0.00		0.00
0.00		0.00		0.00		0.00		0.00
0.00		0.00		0.00		0.00		0.00
0.00		0.00		0.00		0.00		0.00
0.00		0.00		0.00		0.00		0.00
0.00		0.00		0.00		0.00		0.00
0.00		0.00		0.00		0.00		0.00
0.00		0.00		0.00		0.00		0.00
0.00		0.00		0.00		0.00		0.00
0.00		0.00		0.00		0.00		0.00
0.00		0.00		0.00		0.00		0.00
0.00		0.00		0.00		0.00		0.00
0.00		0.00		0.00		0.00		0.00
0.00		0.00		0.00		0.00		0.00
0.00		0.00		0.00		0.00		0.00
0.00		0.00		0.00		0.00		0.00
0.00		0.00		0.00		0.00		0.00
0.00		0.00		0.00		0.00		0.00
0.00		0.00		0.00		0.00		0.00
0.00		0.00		0.00		0.00		0.00
0.00		0.00		0.00		0.00		0.00
0.00		0.00		0.00		0.00		0.00
0.00		0.00		0.00		0.00		0.00
0.00		0.00		0.00		0.00		0.00
0.00		0.00		0.00		0.00		0.00
0.00		0.00		0.00		0.00		0.00
0.00		0.00		0.00		0.00		0.00
0.00		0.00		0.00		0.00		0.00
0.00		0.00		0.00		0.00		0.00
0.00		0.00		0.00		0.00		0.00
0.00		0.00		0.00		0.00		0.00
0.00		0.00		0.00		0.00		0.00
0.00		0.00		0.00		0.00		0.00
0.00		0.00		0.00		0.00		0.00
0.00		0.00		0.00		0.00		0.00
0.00		0.00		0.00		0.00		0.00
0.00		0.00		0.00		0.00		0.00
0.00		0.00		0.00		0.00		0.00
0.00		0.00		0.00		0.00		0.00
0.00		0.00		0.00		0.00		0.00
0.00		0.00		0.00		0.00		0.00
0.00		0.00		0.00		0.00		0.00
0.00		0.00		0.00		0.00		0.00
0.00		0.00		0.00		0.00		0.00
0.00		0.00		0.00		0.00		0.00
0.00		0.00		0.00		0.00		0.00
0.00		0.00		0.00		0.00		0.00
0.00		0.00		0.00		0.00		0.00
0.00		0.00		0.00		0.00		0.00
0.00		0.00		0.00		0.00		0.00
0.00		0.00		0.00		0.00		0.00
0.00		0.00		0.00		0.00		0.00
0.00		0.00		0.00		0.00		0.00
0.00		0.00		0.00		0.00		0.00
0.00		0.00		0.00		0.00		0.00
0.00		0.00		0.00		0.00		0.00
0.00		0.00		0.00		0.00		0.00
0.00		0.00		0.00		0.00		0.00
0.00		0.00		0.00		0.00		0.00
0.00		0.00		0.00		0.00		0.00
0.00		0.00		0.00		0.00		0.00
0.00		0.00		0.00		0.00		0.00
0.00		0.00		0.00		0.00		0.00
0.00		0.00		0.00		0.00		0.00
0.00		0.00		0.00		0.00		0.00
0.00		0.00		0.00		0.00		0.00
0.00		0.00		0.00		0.00		0.00
0.00		0.00		0.00		0.00		0.00
