avg_kinetic_energy		work_fgranular		work_fdesired		work_fsocial		work_fcompresion
0.89		-1685.65		14522.32		-11111.83		23.56
0.77		-1363.84		13780.60		-10906.98		-293.13
0.86		-1570.54		14786.78		-9394.74		-374.88
0.66		-1478.59		11315.80		-7168.78		-1246.36
1.05		-2061.00		13803.08		-10570.01		76.60
0.98		-1194.84		15411.26		-13001.76		-1596.17
0.82		-1301.38		15187.26		-13060.21		-1269.23
1.04		-2277.50		17488.54		-15554.32		-970.96
0.90		-2767.44		13821.74		-8974.54		-986.10
1.11		-2715.57		16754.03		-13838.85		-1281.49
0.49		-908.08		8544.11		-6641.14		-199.18
0.85		-2046.28		12713.03		-9413.20		-76.47
0.92		-2675.53		15769.89		-12674.91		-876.39
1.04		-2092.96		13957.38		-9378.33		13.43
0.88		-1324.08		16237.05		-13961.91		-1537.42
0.76		-806.92		12880.60		-10174.25		-312.04
1.03		-1795.34		17246.96		-13997.70		-2108.86
0.44		-1044.18		7726.81		-6111.66		-769.67
0.60		-2105.06		9422.80		-7953.49		-575.55
0.71		-1860.40		12442.44		-9521.87		-1017.38
0.85		-1495.99		14359.35		-12037.09		-818.97
0.35		-558.32		6529.72		-5300.04		82.92
1.01		-1605.96		16449.07		-13498.20		-1409.33
1.07		-2513.34		15373.53		-12434.16		99.89
0.77		-856.55		14327.17		-11282.24		-1465.34
0.92		-1618.62		14755.70		-11847.77		-1319.55
1.03		-2227.51		14694.39		-11337.99		-1578.68
0.81		-1823.00		14659.48		-12684.12		-1433.81
0.71		-2773.59		12787.46		-8960.07		42.34
0.82		-1039.48		14389.94		-11505.59		-1187.56
0.53		-1339.38		9957.50		-7813.68		-284.01
0.72		-1518.24		11313.43		-9199.17		816.91
0.84		-2191.52		12348.09		-9129.31		-811.47
1.12		-2083.18		18388.59		-16039.21		-2547.68
0.77		-1415.40		9801.16		-7290.97		-72.16
0.92		-2044.45		15807.45		-12765.21		-366.62
0.75		-1746.42		12430.27		-10943.54		-340.10
1.07		-1057.41		15461.53		-13238.57		-1075.78
1.02		-2589.19		16510.03		-12790.79		-2105.87
0.79		-1032.65		10899.21		-9502.48		-957.50
0.68		-2163.26		12523.98		-7133.44		-838.19
1.12		-2506.04		17329.46		-14982.58		-73.85
1.22		-1287.71		22094.92		-17255.99		-2109.12
0.78		-1423.33		12961.94		-10925.14		-555.25
0.62		-1163.41		10504.02		-8404.33		-514.66
0.65		-880.55		11943.57		-9068.46		-284.27
0.94		-2135.99		13846.92		-9398.27		-2120.10
0.94		-2235.49		14793.37		-11817.80		-1230.38
0.66		-962.33		10725.35		-9173.48		-260.18
0.50		-838.08		8836.89		-6700.62		-941.60
0.93		-2026.47		15426.15		-13860.84		-723.25
1.04		-2251.60		17030.78		-13921.89		-882.31
0.63		-687.46		11323.30		-9622.63		-1640.72
1.22		-952.25		18747.59		-15850.78		-2121.84
0.43		-1117.43		6479.95		-6711.29		248.16
1.26		-2737.79		18731.36		-13881.18		-2110.01
0.78		-1398.86		11302.10		-8035.61		-702.54
0.54		-1194.20		8813.46		-7794.64		38.75
0.99		-1930.20		16274.04		-14743.65		-883.15
0.99		-1353.40		14592.65		-13092.14		-917.90
0.99		-2423.52		14267.59		-12085.05		-732.77
0.84		-1402.51		12010.12		-9617.67		-816.79
1.20		-1575.94		19340.44		-15613.07		-1532.48
1.05		-2042.01		17632.07		-15329.74		-171.52
0.73		-1050.44		12441.34		-11700.23		-184.55
0.92		-1500.47		13961.70		-9984.89		-2434.74
1.08		-2373.08		16404.41		-13921.34		-3252.59
0.80		-2005.65		10725.56		-8454.45		-610.87
1.29		-3090.56		20487.99		-16303.83		-721.31
1.20		-1903.70		19890.74		-16936.76		-1454.27
0.91		-739.73		15837.72		-13601.08		-1775.51
0.79		-991.03		10676.96		-8280.90		-635.13
1.04		-1883.64		17559.47		-12312.40		-1285.16
0.63		-1345.38		10404.87		-7156.08		-1453.28
0.91		-1776.32		13865.41		-10992.79		-1136.74
0.90		-1799.53		15278.30		-12303.85		-1254.90
0.62		-2286.19		10871.93		-8954.87		-148.05
0.79		-1173.72		11457.97		-7804.19		-1145.50
0.71		-1750.11		12171.04		-10217.14		-799.41
1.02		-2678.94		16305.71		-12792.53		-1588.59
1.02		-2048.43		16470.33		-12330.73		-1776.41
0.85		-610.05		13857.35		-11680.90		-1305.88
1.06		-1489.27		17678.49		-13393.57		-1522.62
1.07		-2240.93		17660.42		-13538.18		-1668.18
0.56		-1409.11		9525.07		-7643.65		-233.39
0.55		-853.60		7647.64		-5546.78		-421.82
0.94		-2656.96		14338.50		-10170.14		-1461.51
1.02		-1684.50		17322.89		-14827.03		-1144.34
0.61		-1413.59		11135.78		-7095.83		-1292.37
1.16		-2086.39		17863.10		-12906.61		-1351.56
0.99		-1734.65		13754.10		-11574.35		-641.68
0.61		-1596.52		8335.93		-6695.66		-202.39
1.27		-3017.88		19501.54		-16041.62		-2013.79
0.98		-1592.93		13552.61		-12213.36		-1159.70
1.09		-1457.15		16268.28		-13934.65		-964.07
0.79		-1162.49		11630.46		-8982.29		-1202.46
1.16		-2211.31		15873.75		-14478.94		27.02
1.19		-2092.46		16953.03		-13581.17		-1862.25
0.83		-1958.09		12226.79		-8950.05		-769.00
0.79		-1683.20		14110.60		-10677.03		-1567.23
0.88		-1079.35		15366.38		-11867.31		-2993.64
1.04		-2090.51		19013.04		-15577.18		-2711.98
0.81		-2503.01		11707.44		-9930.81		-1281.05
0.68		-1143.92		10764.12		-8372.07		-1214.01
0.73		-1683.41		12640.72		-9700.39		-38.90
1.02		-2398.62		15162.98		-11286.50		-412.99
0.94		-1456.07		14304.69		-12784.43		-652.93
1.14		-2187.07		17727.18		-14708.57		-890.62
1.02		-2087.48		18375.12		-16199.95		-1562.18
0.58		-1377.08		11583.20		-8405.78		-637.84
0.72		-1647.21		12497.20		-8091.75		-87.46
0.55		-478.21		9785.63		-8236.76		-32.45
1.05		-3107.59		16062.21		-12732.63		-473.76
0.85		-1475.53		14023.27		-10823.71		-2000.16
1.05		-1734.78		18575.00		-15249.70		-1918.65
1.15		-2176.00		20348.77		-16689.17		-2550.09
0.43		-1158.61		7831.75		-5922.40		-123.01
0.73		-1152.52		13617.16		-9986.05		146.88
1.02		-2813.34		14643.11		-10610.95		-844.38
0.79		-1791.73		13192.25		-10028.58		-612.39
0.72		-3678.61		12113.82		-6899.22		-196.01
1.12		-1872.54		17177.54		-11646.91		-2213.85
1.17		-2010.48		16322.65		-14128.55		-573.83
0.68		-1163.42		10314.17		-9492.06		-296.13
1.04		-1755.98		17035.55		-13006.07		-1173.67
1.08		-2036.94		18433.48		-14153.14		-1522.70
0.69		-1345.81		9718.17		-7468.63		-846.48
1.01		-2425.17		14836.98		-10460.93		-799.97
0.45		-1390.23		8095.16		-6511.70		-275.46
0.74		-1880.73		12551.27		-9857.34		-549.16
1.13		-1853.27		16756.76		-13123.82		-1474.88
1.04		-1545.80		17063.70		-12189.07		-1256.20
0.57		-718.44		8941.25		-8778.69		-565.06
1.13		-1515.62		16997.34		-14368.65		-1974.11
1.05		-2284.39		15664.65		-10315.94		-1023.37
1.28		-2362.25		19622.81		-15110.66		-1031.77
1.04		-2034.66		13821.48		-11900.33		-996.62
0.94		-2287.76		17598.43		-12558.95		-1658.26
1.13		-1874.98		16067.17		-13369.43		-841.35
0.80		-1477.94		11862.85		-7613.36		848.22
0.86		-1382.84		12643.21		-9814.15		-1288.56
0.90		-1777.94		13490.31		-11449.17		-734.75
1.19		-2138.29		19058.67		-14918.50		-3762.73
0.76		-1455.45		12284.17		-7461.14		-1226.01
0.70		-1203.60		13446.01		-10908.35		-818.01
0.91		-2638.51		13626.13		-9665.39		-1107.25
1.42		-2420.20		22518.74		-18458.54		-2536.02
1.11		-2128.87		16695.58		-13622.43		-807.13
0.46		-735.18		8407.18		-8400.42		-885.73
0.84		-1027.53		13080.21		-11932.75		-1064.55
1.02		-1917.04		14130.99		-10640.45		-1091.18
0.88		-1845.37		14504.10		-11902.70		-583.88
1.36		-3222.56		22632.12		-17840.08		-1422.06
0.81		-1494.90		12514.78		-12517.59		-333.09
0.63		-1105.46		10935.38		-9937.48		-59.77
0.66		-751.79		11088.70		-9347.22		-823.40
1.15		-2540.49		18241.52		-16504.88		-847.45
0.83		-1290.47		14908.65		-12325.21		-142.89
0.61		-1558.33		11181.99		-8846.79		-332.10
1.29		-2244.21		18374.39		-13608.16		-653.66
0.80		-960.62		13424.96		-11200.76		-1311.69
0.59		-1226.79		9075.13		-6480.85		-685.26
1.02		-1552.08		16260.17		-14560.68		-1595.07
0.87		-1785.79		15438.56		-11506.19		-233.05
0.94		-1799.47		15981.14		-13037.49		-1381.14
1.08		-2918.19		17865.48		-13549.31		-2186.14
0.88		-1376.89		14636.74		-12267.78		-567.58
0.90		-2368.90		12894.80		-9515.15		-952.00
1.11		-2029.52		18340.59		-14302.52		-1133.20
0.88		-1714.38		14919.71		-11716.58		-1332.07
0.80		-1905.15		12633.85		-10074.62		-402.80
0.84		-1580.02		11382.12		-9508.67		-721.74
0.74		-1161.12		10995.65		-9789.04		-696.67
0.64		-1333.36		11582.16		-10381.60		-52.49
0.96		-2273.82		14883.94		-10605.34		-1300.73
1.22		-2488.80		17717.81		-14389.44		-557.87
1.00		-1369.16		14805.19		-13887.02		-1571.96
1.07		-1609.11		17255.93		-14660.44		-1514.35
0.72		-1375.11		9715.77		-6765.37		-278.89
0.63		-1035.24		10044.72		-7958.59		-244.16
0.88		-1452.78		17140.44		-14442.39		-148.02
0.56		-1218.42		9952.48		-7376.94		-35.07
0.40		-661.25		7871.23		-7308.77		-775.89
1.19		-1938.24		17652.31		-14801.08		-1459.15
0.82		-1468.13		12597.90		-10816.53		-1032.08
0.70		-1967.41		11545.57		-8908.49		-722.57
0.67		-1214.61		11082.92		-9938.59		-1983.49
0.44		-1572.31		9164.92		-7380.49		-439.35
0.72		-1570.81		12956.84		-10606.97		-765.58
1.04		-1657.70		17620.29		-14015.74		-1509.60
0.93		-1248.61		16513.57		-14724.31		-2643.06
1.12		-2149.51		18567.87		-15057.16		-1283.59
0.77		-1889.89		12773.20		-10598.19		-754.80
0.98		-1744.06		15898.29		-13563.46		-910.81
0.85		-1117.23		12943.79		-10985.15		-1225.31
1.06		-2132.38		17674.51		-14371.68		-498.44
1.15		-2858.64		17666.05		-13661.73		-2571.49
1.06		-1662.46		18283.51		-14090.25		-923.45
0.60		-1857.84		11470.35		-8199.73		-227.54
0.86		-1099.19		14649.45		-12305.19		-1518.33
0.89		-2832.70		14572.13		-12662.40		-174.07
0.95		-2324.71		16613.08		-11958.04		-253.74
0.77		-1889.98		13747.38		-9604.34		-2418.43
0.95		-1469.93		14331.02		-12837.68		-51.88
0.68		-1186.36		11377.41		-9784.30		119.94
0.92		-1775.35		16944.24		-12850.40		-801.12
0.96		-2464.53		15865.94		-11449.52		-1721.00
0.95		-1636.32		14839.37		-13040.55		-643.63
0.95		-1474.24		15710.48		-10608.37		-534.18
0.89		-1221.20		12309.79		-10540.68		-381.62
1.06		-2764.01		15672.70		-13442.02		-796.87
1.00		-1353.21		17321.74		-14931.41		-781.60
0.73		-1008.71		10680.44		-9378.47		411.83
0.70		-1763.30		13131.69		-9551.86		-2009.43
0.87		-1349.31		11440.48		-8798.59		296.06
0.87		-2084.36		14872.32		-11825.08		-1748.29
0.95		-2128.38		16160.80		-15039.27		-795.64
0.81		-1392.12		13986.05		-10912.17		-437.63
0.73		-1044.13		11954.80		-9059.15		-179.27
1.12		-1273.58		17724.68		-15556.52		-2077.08
0.89		-2039.91		14833.00		-13107.42		-712.05
0.68		-2122.76		10591.37		-7852.43		-172.90
1.00		-2444.42		16528.46		-11359.86		-1665.95
0.81		-855.43		12979.13		-10102.78		107.16
0.33		-740.99		5662.68		-4411.63		653.58
0.00		0.00		0.00		0.00		0.00
0.00		0.00		0.00		0.00		0.00
0.00		0.00		0.00		0.00		0.00
0.00		0.00		0.00		0.00		0.00
0.00		0.00		0.00		0.00		0.00
0.00		0.00		0.00		0.00		0.00
0.00		0.00		0.00		0.00		0.00
0.00		0.00		0.00		0.00		0.00
0.00		0.00		0.00		0.00		0.00
0.00		0.00		0.00		0.00		0.00
0.00		0.00		0.00		0.00		0.00
0.00		0.00		0.00		0.00		0.00
0.00		0.00		0.00		0.00		0.00
0.00		0.00		0.00		0.00		0.00
0.00		0.00		0.00		0.00		0.00
0.00		0.00		0.00		0.00		0.00
0.00		0.00		0.00		0.00		0.00
0.00		0.00		0.00		0.00		0.00
0.00		0.00		0.00		0.00		0.00
0.00		0.00		0.00		0.00		0.00
0.00		0.00		0.00		0.00		0.00
0.00		0.00		0.00		0.00		0.00
0.00		0.00		0.00		0.00		0.00
0.00		0.00		0.00		0.00		0.00
0.00		0.00		0.00		0.00		0.00
0.00		0.00		0.00		0.00		0.00
0.00		0.00		0.00		0.00		0.00
0.00		0.00		0.00		0.00		0.00
0.00		0.00		0.00		0.00		0.00
0.00		0.00		0.00		0.00		0.00
0.00		0.00		0.00		0.00		0.00
0.00		0.00		0.00		0.00		0.00
0.00		0.00		0.00		0.00		0.00
0.00		0.00		0.00		0.00		0.00
0.00		0.00		0.00		0.00		0.00
0.00		0.00		0.00		0.00		0.00
0.00		0.00		0.00		0.00		0.00
0.00		0.00		0.00		0.00		0.00
0.00		0.00		0.00		0.00		0.00
0.00		0.00		0.00		0.00		0.00
0.00		0.00		0.00		0.00		0.00
0.00		0.00		0.00		0.00		0.00
0.00		0.00		0.00		0.00		0.00
0.00		0.00		0.00		0.00		0.00
0.00		0.00		0.00		0.00		0.00
0.00		0.00		0.00		0.00		0.00
0.00		0.00		0.00		0.00		0.00
0.00		0.00		0.00		0.00		0.00
0.00		0.00		0.00		0.00		0.00
0.00		0.00		0.00		0.00		0.00
0.00		0.00		0.00		0.00		0.00
0.00		0.00		0.00		0.00		0.00
0.00		0.00		0.00		0.00		0.00
0.00		0.00		0.00		0.00		0.00
0.00		0.00		0.00		0.00		0.00
0.00		0.00		0.00		0.00		0.00
0.00		0.00		0.00		0.00		0.00
0.00		0.00		0.00		0.00		0.00
0.00		0.00		0.00		0.00		0.00
0.00		0.00		0.00		0.00		0.00
0.00		0.00		0.00		0.00		0.00
0.00		0.00		0.00		0.00		0.00
0.00		0.00		0.00		0.00		0.00
0.00		0.00		0.00		0.00		0.00
0.00		0.00		0.00		0.00		0.00
0.00		0.00		0.00		0.00		0.00
0.00		0.00		0.00		0.00		0.00
0.00		0.00		0.00		0.00		0.00
0.00		0.00		0.00		0.00		0.00
0.00		0.00		0.00		0.00		0.00
0.00		0.00		0.00		0.00		0.00
0.00		0.00		0.00		0.00		0.00
0.00		0.00		0.00		0.00		0.00
0.00		0.00		0.00		0.00		0.00
0.00		0.00		0.00		0.00		0.00
