avg_kinetic_energy		work_fgranular		work_fdesired		work_fsocial		work_fcompresion
1.48		31.95		11927.11		-9342.04		472.07
1.02		-6.22		7416.31		-6357.74		59.37
1.20		-177.50		9977.48		-9801.78		253.75
1.43		3.75		13061.87		-11303.55		168.97
1.46		-60.11		11886.45		-12338.13		443.87
1.71		-136.42		15298.91		-14920.93		-323.79
1.08		-435.06		9820.28		-10704.25		175.02
0.91		93.48		6756.88		-6215.04		585.24
1.33		-149.70		11060.91		-9852.44		27.59
1.50		-474.28		14034.12		-13572.37		504.74
1.58		-203.58		15056.35		-17218.68		-205.50
1.26		-108.97		11683.28		-10477.84		-223.18
1.29		-192.71		11045.08		-10591.01		3.20
1.54		-251.24		12025.57		-10826.04		425.84
1.52		-248.42		12279.23		-11902.20		272.77
1.07		-17.46		8197.79		-7663.57		-167.46
1.36		-22.77		11853.60		-11550.63		55.68
1.52		-378.63		13328.94		-12863.61		112.55
1.30		-39.70		9660.19		-8454.38		166.88
1.28		-147.50		11001.92		-10378.17		-73.00
1.22		-58.75		9490.38		-10613.39		87.67
1.37		-105.80		11560.91		-10449.24		34.36
1.23		-144.46		10135.06		-10626.07		203.18
1.24		-56.47		10444.81		-10456.46		12.34
1.04		-379.23		9283.31		-10093.91		-128.62
1.14		-175.47		6697.53		-6890.24		11272.16
0.83		-70.76		7012.14		-6071.75		-76.46
1.17		-318.59		9100.67		-7568.57		962.89
1.46		-74.21		13710.27		-13336.83		223.28
1.08		-66.84		9477.28		-8200.38		251.75
1.08		48.22		9802.90		-10337.77		12.52
1.20		-163.60		10893.25		-10127.01		313.56
1.14		-255.28		8939.30		-9587.68		939.68
1.50		-98.33		12704.22		-12766.52		-17.86
1.33		-158.33		10264.40		-9806.58		-81.03
1.29		-1193.64		12022.31		-12100.64		494.27
1.24		-170.97		11858.31		-10441.05		-176.47
1.33		76.61		12160.12		-11766.60		149.89
0.94		-53.30		8200.24		-6656.91		36.53
1.36		-180.05		11006.21		-11578.54		533.90
1.02		-239.35		8497.82		-9316.79		-114.48
1.31		17.14		11132.64		-11724.96		-65.80
1.31		2369.10		10074.86		-14790.42		-6266.47
1.25		-463.49		10637.22		-10928.41		-21.45
1.57		-225.17		11748.24		-10681.65		-20.01
0.98		-221.58		7872.68		-7269.70		237.50
1.13		-254.66		10339.73		-9690.54		-181.40
1.41		0.34		11293.39		-10303.37		782.51
1.50		-371.10		14914.56		-13853.27		-56.63
1.53		-277.58		13212.14		-13917.22		1072.92
1.08		-219.06		9238.70		-8575.84		45.53
1.30		-66.29		9606.82		-8719.32		319.20
1.45		-116.10		13499.87		-14830.34		0.22
0.84		-387.59		5657.39		-5778.82		700.37
1.15		-171.12		7220.13		-6727.69		143.06
1.58		-183.76		13086.30		-13804.38		183.81
1.14		-39.94		9199.51		-8036.68		43.27
1.26		-66.49		10694.64		-9564.42		20.68
1.26		-32.32		10531.27		-11972.59		260.20
1.07		-214.82		7739.45		-6527.29		187.74
1.07		-251.70		10341.03		-11678.42		132.82
1.19		-134.26		10340.31		-11159.86		-68.79
1.37		-244.51		11459.67		-10956.88		131.77
1.37		-229.70		11706.21		-11116.00		407.17
1.23		-224.42		9413.63		-8409.79		256.65
1.05		-203.52		8035.31		-8246.13		168.74
0.90		-66.39		6839.97		-5920.68		162.13
1.28		-390.26		12237.95		-12422.95		219.57
0.96		-93.06		9472.75		-9354.42		120.76
0.93		-182.38		8784.46		-10210.29		26.41
0.41		-11.47		3353.20		-1438.28		224.31
1.36		-223.11		11881.09		-13335.39		-4.52
1.09		-155.26		9492.96		-7691.53		112.45
1.06		-105.77		9671.01		-7621.37		15.22
1.37		-62.44		11739.69		-12063.70		177.40
1.37		-415.24		10873.74		-8320.50		108.07
1.42		-135.89		12585.73		-12217.67		-121.95
1.53		-83.39		14161.79		-13248.46		-121.76
1.29		-216.46		11299.04		-9534.88		72.72
1.05		-92.73		9955.59		-10556.31		167.78
1.43		-5.32		13681.13		-11219.78		-80.77
1.22		-128.84		10269.49		-9595.31		228.69
1.43		-73.02		12283.65		-12318.72		211.45
1.33		-257.51		11053.53		-10343.80		406.57
1.29		-89.24		10754.81		-11399.42		291.38
1.27		-241.44		8867.64		-7393.94		30.05
1.10		-15.51		10100.60		-11319.70		113.71
1.55		-161.48		12886.73		-13524.56		27.71
1.42		-146.84		13647.39		-12715.20		-3.68
0.85		-38.53		6833.27		-5724.32		41.20
1.22		-246.76		10398.43		-11572.26		72.49
1.27		-222.02		10878.26		-10486.25		381.17
1.46		-198.34		10694.24		-9925.52		359.65
0.91		-110.24		7766.12		-6036.32		48.76
1.11		-178.68		9843.18		-9168.60		-1.11
1.66		-712.60		13597.86		-11759.62		131.94
1.41		-100.10		10994.58		-10820.10		-101.52
1.28		-337.62		9978.36		-10242.53		77.13
1.19		-521.58		9432.75		-9525.62		-137.84
1.43		-137.24		11477.19		-12027.31		-53.50
1.08		19.40		9588.66		-9218.97		-73.70
1.13		-513.88		8173.06		-8852.28		-222.93
1.30		-326.32		11286.71		-7701.21		512.24
1.31		-148.88		10643.60		-8492.70		-67.87
1.44		-575.81		12020.20		-12052.56		485.92
1.13		-350.66		10909.78		-11516.07		-360.63
1.57		-139.41		14816.81		-16987.56		-188.52
1.04		-55.53		8755.61		-7937.95		129.58
1.33		-150.74		12428.86		-10796.26		90.13
1.49		-49.26		11969.43		-11811.76		186.80
1.24		-522.70		10942.96		-12201.98		-322.17
1.59		-231.72		13899.20		-11708.59		273.47
1.42		-306.57		11932.86		-11864.67		337.54
1.32		-267.08		11613.61		-10155.52		523.33
1.63		-203.01		14392.67		-13327.21		76.09
1.26		77.28		11012.72		-11508.50		-63.14
1.16		-128.88		8651.06		-8406.64		-143.23
0.93		-142.35		8245.49		-7191.93		108.07
0.78		-17.65		6795.08		-5210.13		132.27
1.20		-184.23		11398.96		-10616.38		-249.90
1.15		-406.24		10801.22		-10269.66		7.02
1.34		-578.80		9682.75		-7119.79		833.95
1.32		-202.01		11752.28		-10553.36		-281.86
1.52		-184.58		12955.73		-13700.24		-361.34
0.78		-62.32		7067.11		-7414.67		154.71
1.11		-44.38		10984.64		-10114.35		129.86
1.35		-68.89		12735.98		-13520.97		148.20
1.45		-606.42		12066.46		-12413.71		99.67
1.39		-259.72		11769.76		-11346.45		78.12
0.94		-55.68		9059.08		-7388.18		66.62
1.29		-320.20		10882.14		-12912.83		61.03
1.11		-312.97		9519.90		-9400.50		19.83
1.32		-130.79		11356.86		-11553.72		-23.54
1.37		-246.98		13127.60		-12855.87		-159.89
1.69		-381.11		16193.27		-16938.58		-104.55
1.34		-45.63		11107.77		-12270.89		363.26
1.25		-396.77		10016.07		-9669.56		270.95
1.01		-89.29		8595.13		-8365.11		254.65
1.03		-89.73		9407.35		-9998.69		410.02
1.30		-204.09		10405.83		-9044.61		-350.35
0.93		77.45		8509.29		-6391.67		242.85
1.18		-177.69		9799.90		-10795.25		-32.25
0.98		-8.87		8648.85		-8744.31		-21.66
1.16		-268.99		8864.79		-6202.72		-321.51
1.35		-93.32		11099.78		-10796.01		742.37
1.27		322.04		10699.10		-10305.12		128.08
1.40		-135.66		12149.76		-12854.12		-285.27
1.04		-166.82		7971.09		-7275.39		344.68
1.03		178.16		9030.88		-8297.03		58.71
1.74		-671.53		15492.96		-14545.71		-92.07
1.55		-38.77		12756.95		-12286.77		-103.91
1.29		-114.34		11212.20		-10842.34		165.31
0.84		-57.00		7175.88		-7165.27		-225.60
1.07		-20.75		8216.45		-7148.67		312.53
1.05		85.22		8378.99		-7726.54		-159.20
1.24		-254.52		9639.07		-9714.43		312.82
1.16		-146.43		8946.21		-9222.79		-1497.22
1.37		-60.20		12283.50		-12143.91		54.11
0.92		-316.48		8933.69		-6755.58		160.97
1.46		-11.68		13256.91		-11676.16		205.54
0.93		-137.61		7951.57		-6864.97		-80.82
1.27		-160.62		11734.07		-10695.86		-45.07
1.52		-202.28		10663.59		-8323.99		3229.11
1.24		-78.92		9193.97		-8052.15		-20.94
1.25		-52.12		11222.05		-11329.82		-11.72
1.36		-31.12		11314.04		-11583.89		-877.53
1.52		-217.97		12784.81		-13109.79		-73.68
1.17		-88.23		9937.54		-9783.29		-239.70
1.46		-118.13		12951.85		-12176.33		-422.41
1.11		-66.71		9151.04		-9118.63		-88.19
1.54		-40.50		13990.30		-12633.54		239.16
1.13		-99.75		8273.22		-6481.95		66.93
0.92		-79.53		8361.49		-8343.89		132.63
0.93		3.07		8504.05		-7479.95		-154.26
0.84		-168.71		6781.53		-6775.46		-26.40
1.26		-16.69		11193.56		-11792.91		-276.32
1.39		-660.45		10967.24		-11517.88		27.19
1.32		-147.15		10509.92		-9887.24		122.83
1.04		109.39		8411.91		-8233.70		283.36
1.13		-257.08		9629.40		-10374.60		635.55
1.15		-223.08		10484.03		-8853.74		30.41
1.39		-216.53		10739.11		-9963.47		584.99
0.92		-200.10		7987.87		-6740.64		-242.80
1.36		-532.35		11112.47		-10313.29		-173.38
1.09		-104.65		6767.46		-6815.57		247.91
1.24		-85.14		10407.33		-11197.69		40.27
1.08		37.89		9645.45		-9282.08		-110.55
1.10		-274.83		8385.13		-8402.92		-214.03
1.25		-150.25		12146.67		-11337.08		-107.39
1.14		-40.58		9105.06		-6392.08		-94.14
1.52		-275.89		11693.45		-9504.77		577.68
1.50		-97.29		12722.94		-12330.91		-209.18
1.35		-112.95		11239.21		-10496.81		-125.41
1.13		-153.77		8352.72		-9019.08		33.68
1.25		-110.21		11474.65		-11506.87		130.73
1.35		-25.26		12139.13		-11307.11		37.46
0.96		3.43		8316.80		-6912.24		-224.58
1.32		-99.13		10751.31		-9223.38		-29.63
1.24		-111.66		10656.21		-10675.52		265.18
1.52		509.06		12570.12		-8727.68		6343.58
1.26		-304.73		11426.64		-7787.09		34.15
1.17		-193.50		9169.73		-8824.85		-3.83
1.43		-181.76		11980.80		-10276.02		28.76
1.23		-9600.74		8737.74		-6926.47		2794.75
1.26		-269.48		10715.66		-10038.55		-247.73
1.08		-224.32		8104.69		-7680.28		351.85
1.00		-455.66		8811.25		-10543.06		244.72
1.29		-32.48		10932.40		-10417.26		-120.24
1.49		-100.28		13734.07		-12962.24		30.52
1.27		-279.29		11596.67		-11972.42		11.36
1.14		-84.41		9658.69		-8469.00		25.70
0.98		-415.38		8976.75		-9235.16		-200.76
1.07		-177.16		9665.17		-8059.55		-97.22
1.15		-168.32		8853.35		-7524.84		534.39
1.04		61.68		8111.07		-5618.79		544.72
1.16		-176.14		9914.75		-9831.19		-395.77
0.86		-83.35		7773.68		-6648.29		-25.35
1.07		-164.64		9160.72		-8631.37		-62.88
1.24		41.98		10460.08		-10288.89		-34.97
1.24		36.07		11792.61		-10112.28		-148.67
1.13		-275.66		9661.21		-8645.18		87.55
1.28		-169.70		11771.33		-9802.30		280.83
1.21		-36.80		10709.27		-11527.54		-163.78
1.35		-28.49		11163.39		-11016.64		-79.74
1.33		43.38		12420.71		-10268.23		-71.89
0.00		0.00		0.00		0.00		0.00
0.00		0.00		0.00		0.00		0.00
0.00		0.00		0.00		0.00		0.00
0.00		0.00		0.00		0.00		0.00
0.00		0.00		0.00		0.00		0.00
0.00		0.00		0.00		0.00		0.00
0.00		0.00		0.00		0.00		0.00
0.00		0.00		0.00		0.00		0.00
0.00		0.00		0.00		0.00		0.00
0.00		0.00		0.00		0.00		0.00
0.00		0.00		0.00		0.00		0.00
0.00		0.00		0.00		0.00		0.00
0.00		0.00		0.00		0.00		0.00
0.00		0.00		0.00		0.00		0.00
0.00		0.00		0.00		0.00		0.00
0.00		0.00		0.00		0.00		0.00
0.00		0.00		0.00		0.00		0.00
0.00		0.00		0.00		0.00		0.00
0.00		0.00		0.00		0.00		0.00
0.00		0.00		0.00		0.00		0.00
0.00		0.00		0.00		0.00		0.00
0.00		0.00		0.00		0.00		0.00
0.00		0.00		0.00		0.00		0.00
0.00		0.00		0.00		0.00		0.00
0.00		0.00		0.00		0.00		0.00
0.00		0.00		0.00		0.00		0.00
0.00		0.00		0.00		0.00		0.00
0.00		0.00		0.00		0.00		0.00
0.00		0.00		0.00		0.00		0.00
0.00		0.00		0.00		0.00		0.00
0.00		0.00		0.00		0.00		0.00
0.00		0.00		0.00		0.00		0.00
0.00		0.00		0.00		0.00		0.00
0.00		0.00		0.00		0.00		0.00
0.00		0.00		0.00		0.00		0.00
0.00		0.00		0.00		0.00		0.00
0.00		0.00		0.00		0.00		0.00
0.00		0.00		0.00		0.00		0.00
0.00		0.00		0.00		0.00		0.00
0.00		0.00		0.00		0.00		0.00
0.00		0.00		0.00		0.00		0.00
0.00		0.00		0.00		0.00		0.00
0.00		0.00		0.00		0.00		0.00
0.00		0.00		0.00		0.00		0.00
0.00		0.00		0.00		0.00		0.00
0.00		0.00		0.00		0.00		0.00
0.00		0.00		0.00		0.00		0.00
0.00		0.00		0.00		0.00		0.00
0.00		0.00		0.00		0.00		0.00
0.00		0.00		0.00		0.00		0.00
0.00		0.00		0.00		0.00		0.00
0.00		0.00		0.00		0.00		0.00
0.00		0.00		0.00		0.00		0.00
0.00		0.00		0.00		0.00		0.00
0.00		0.00		0.00		0.00		0.00
0.00		0.00		0.00		0.00		0.00
0.00		0.00		0.00		0.00		0.00
0.00		0.00		0.00		0.00		0.00
0.00		0.00		0.00		0.00		0.00
0.00		0.00		0.00		0.00		0.00
0.00		0.00		0.00		0.00		0.00
0.00		0.00		0.00		0.00		0.00
0.00		0.00		0.00		0.00		0.00
0.00		0.00		0.00		0.00		0.00
0.00		0.00		0.00		0.00		0.00
0.00		0.00		0.00		0.00		0.00
0.00		0.00		0.00		0.00		0.00
0.00		0.00		0.00		0.00		0.00
0.00		0.00		0.00		0.00		0.00
0.00		0.00		0.00		0.00		0.00
0.00		0.00		0.00		0.00		0.00
0.00		0.00		0.00		0.00		0.00
0.00		0.00		0.00		0.00		0.00
0.00		0.00		0.00		0.00		0.00
0.00		0.00		0.00		0.00		0.00
